 0.059
 0.256
 0.440
 0.586
 0.722
 0.076
 0.264
 0.445
 0.588
 0.723
 0.097
 0.275
 0.450
 0.591
 0.725
 0.119
 0.290
 0.457
 0.595
 0.728
 0.142
 0.306
 0.467
 0.600
 0.731
 0.170
 0.325
 0.477
 0.606
 0.735
 0.198
 0.346
 0.489
 0.613
 0.739
 0.226
 0.367
 0.501
 0.620
 0.745
 0.256
 0.389
 0.514
 0.629
 0.750
 0.286
 0.410
 0.528
 0.638
 0.757
 0.315
 0.432
 0.542
 0.647
 0.763
 0.345
 0.453
 0.557
 0.657
 0.771
 0.373
 0.474
 0.571
 0.668
 0.779
 0.401
 0.495
 0.586
 0.679
 0.787
 0.428
 0.516
 0.602
 0.690
 0.796
 0.453
 0.536
 0.617
 0.702
 0.805
 0.479
 0.556
 0.632
 0.714
 0.815
 0.503
 0.575
 0.648
 0.727
 0.825
 0.526
 0.595
 0.663
 0.739
 0.836
 0.549
 0.613
 0.679
 0.752
 0.847
 0.571
 0.632
 0.695
 0.766
 0.858
 0.593
 0.650
 0.710
 0.779
 0.870
 0.614
 0.669
 0.726
 0.793
 0.882
 0.635
 0.687
 0.742
 0.807
 0.894
 0.655
 0.704
 0.758
 0.821
 0.907
 0.675
 0.722
 0.774
 0.835
 0.920
 0.694
 0.740
 0.790
 0.850
 0.934
 0.714
 0.758
 0.806
 0.865
 0.947
 0.733
 0.775
 0.822
 0.880
 0.962
 0.752
 0.793
 0.839
 0.896
 0.976
 0.771
 0.811
 0.855
 0.911
 0.991
 0.789
 0.828
 0.872
 0.927
 1.006
 0.808
 0.846
 0.889
 0.944
 1.022
 0.827
 0.864
 0.907
 0.960
 1.038
 0.846
 0.883
 0.924
 0.977
 1.054
 0.865
 0.901
 0.942
 0.995
 1.071
 0.884
 0.920
 0.960
 1.012
 1.088
 0.904
 0.938
 0.978
 1.030
 1.105
 0.923
 0.957
 0.997
 1.048
 1.123
 0.943
 0.977
 1.016
 1.067
 1.141
 0.963
 0.996
 1.035
 1.086
 1.160
 0.983
 1.016
 1.055
 1.105
 1.179
 1.003
 1.036
 1.075
 1.125
 1.198
 1.024
 1.057
 1.095
 1.145
 1.218
 1.045
 1.078
 1.116
 1.165
 1.238
 1.066
 1.099
 1.136
 1.186
 1.258
 1.088
 1.120
 1.158
 1.207
 1.279
 1.110
 1.142
 1.179
 1.228
 1.300
 1.132
 1.164
 1.201
 1.250
 1.322
 1.155
 1.186
 1.224
 1.272
 1.344
 1.178
 1.209
 1.246
 1.295
 1.367
 1.201
 1.232
 1.269
 1.318
 1.390
 1.224
 1.256
 1.293
 1.341
 1.413
 1.248
 1.280
 1.317
 1.365
 1.437
 1.273
 1.304
 1.341
 1.389
 1.461
 1.298
 1.329
 1.366
 1.414
 1.485
 1.323
 1.354
 1.391
 1.439
 1.510
 1.348
 1.380
 1.416
 1.464
 1.536
 1.374
 1.406
 1.442
 1.490
 1.562
 1.401
 1.432
 1.469
 1.516
 1.588
 1.428
 1.459
 1.495
 1.543
 1.615
 1.455
 1.486
 1.523
 1.570
 1.642
 1.483
 1.514
 1.550
 1.598
 1.669
 1.511
 1.542
 1.578
 1.626
 1.697
 1.539
 1.570
 1.607
 1.654
 1.726
 1.568
 1.599
 1.635
 1.683
 1.755
 1.597
 1.628
 1.665
 1.712
 1.784
 1.627
 1.658
 1.694
 1.742
 1.814
 1.657
 1.688
 1.725
 1.772
 1.844
 1.688
 1.719
 1.755
 1.803
 1.874
 1.719
 1.750
 1.786
 1.834
 1.905
 1.750
 1.781
 1.818
 1.865
 1.937
 1.782
 1.813
 1.850
 1.897
 1.968
 1.815
 1.845
 1.882
 1.929
 2.001
 1.847
 1.878
 1.915
 1.962
 2.033
 1.880
 1.911
 1.948
 1.995
 2.066
 1.914
 1.945
 1.981
 2.029
 2.100
 1.948
 1.979
 2.015
 2.063
 2.134
 1.983
 2.013
 2.050
 2.097
 2.168
 2.017
 2.048
 2.085
 2.132
 2.203
 2.053
 2.083
 2.120
 2.167
 2.239
 2.088
 2.119
 2.156
 2.203
 2.274
 2.125
 2.155
 2.192
 2.239
 2.310
 2.161
 2.192
 2.228
 2.276
 2.347
 2.198
 2.229
 2.265
 2.313
 2.384
 2.236
 2.266
 2.303
 2.350
 2.422
 2.274
 2.304
 2.341
 2.388
 2.459
 2.312
 2.343
 2.379
 2.427
 2.498
 2.351
 2.381
 2.418
 2.465
 2.537
 2.390
 2.421
 2.457
 2.505
 2.576
 2.429
 2.460
 2.497
 2.544
 2.615
 2.469
 2.500
 2.537
 2.584
 2.655
 2.510
 2.541
 2.577
 2.625
 2.696
 2.551
 2.582
 2.618
 2.666
 2.737
 2.592
 2.623
 2.660
 2.707
 2.778
 2.634
 2.665
 2.701
 2.749
 2.820
 2.676
 2.707
 2.744
 2.791
 2.862
 2.719
 2.750
 2.786
 2.834
 2.905
 2.762
 2.793
 2.829
 2.877
 2.948
 2.806
 2.836
 2.873
 2.920
 2.992
 2.849
 2.880
 2.917
 2.964
 3.036
 2.894
 2.925
 2.961
 3.009
 3.080
 2.939
 2.970
 3.006
 3.054
 3.125
 2.984
 3.015
 3.051
 3.099
 3.170
 3.030
 3.060
 3.097
 3.145
 3.216
 3.076
 3.107
 3.143
 3.191
 3.262
 3.122
 3.153
 3.190
 3.237
 3.309
 3.169
 3.200
 3.237
 3.284
 3.356
 3.217
 3.248
 3.284
 3.332
 3.403
 3.265
 3.295
 3.332
 3.380
 3.451
 3.313
 3.344
 3.380
 3.428
 3.499
 3.362
 3.392
 3.429
 3.477
 3.548
 3.411
 3.442
 3.478
 3.526
 3.597
 3.460
 3.491
 3.528
 3.576
 3.647
 3.510
 3.541
 3.578
 3.626
 3.697
 3.561
 3.592
 3.628
 3.676
 3.747
 3.612
 3.643
 3.679
 3.727
 3.798
 3.663
 3.694
 3.731
 3.778
 3.850
 3.715
 3.746
 3.782
 3.830
 3.901
 3.767
 3.798
 3.835
 3.882
 3.954
 3.820
 3.851
 3.887
 3.935
 4.006
 3.873
 3.904
 3.940
 3.988
 4.059
 3.926
 3.957
 3.994
 4.041
 4.113
 3.980
 4.011
 4.048
 4.095
 4.167
 4.035
 4.065
 4.102
 4.150
 4.221
 4.089
 4.120
 4.157
 4.205
 4.276
 4.145
 4.176
 4.212
 4.260
 4.331
 4.200
 4.231
 4.268
 4.316
 4.387
 4.256
 4.287
 4.324
 4.372
 4.443
 4.313
 4.344
 4.380
 4.428
 4.499
 4.370
 4.401
 4.437
 4.485
 4.556
 4.427
 4.458
 4.495
 4.543
 4.614
 4.485
 4.516
 4.553
 4.600
 4.672
 4.543
 4.574
 4.611
 4.659
 4.730
 4.602
 4.633
 4.670
 4.717
 4.789
 4.661
 4.692
 4.729
 4.777
 4.848
 4.721
 4.752
 4.788
 4.836
 4.907
 4.781
 4.812
 4.848
 4.896
 4.967
 4.841
 4.872
 4.909
 4.957
 5.028
 4.902
 4.933
 4.970
 5.018
 5.089
 4.964
 4.995
 5.031
 5.079
 5.150
 5.025
 5.056
 5.093
 5.141
 5.212
 5.087
 5.118
 5.155
 5.203
 5.274
 5.150
 5.181
 5.218
 5.266
 5.337
 5.213
 5.244
 5.281
 5.329
 5.400
 5.277
 5.308
 5.344
 5.392
 5.463
 5.341
 5.372
 5.408
 5.456
 5.527
 5.405
 5.436
 5.473
 5.521
 5.592
 5.470
 5.501
 5.537
 5.586
 5.658
 5.535
 5.566
 5.603
 5.652
 5.726
