  0.000000000000000E+000  0.000000000000000E+000  1.021452754155869E-005
  2.412312430125944E-005  2.481680273773007E-005  4.096434347418928E-005
  5.031392704920748E-005  5.177869822772992E-005  6.247711121741339E-005
  6.990563586186338E-005  9.108794640092565E-005  9.844867859314457E-005
  9.787331636570765E-005  1.090900977559222E-004  1.313105367257452E-004
  1.812782412797594E-004  1.632211402947899E-004  1.859001753250444E-004
  2.109905951585749E-004  2.428396215168998E-004  2.785776749534121E-004
  3.181010315192032E-004  3.735808593711402E-004  3.992957432646611E-004
  4.495025754333290E-004  5.229735236223890E-004  5.644881317902088E-004
  6.164365644170942E-004  6.661542077568807E-004  7.169396582065307E-004
  7.639985664614344E-004  8.075851213530331E-004  9.328052244739976E-004
  9.364984809577255E-004  9.257259016552299E-004  9.459099721415335E-004
  9.594111175888990E-004  1.091156306092441E-003  9.913715273707157E-004
  9.656833637396164E-004  9.538288103360481E-004  9.361899869554693E-004
  9.131774394725400E-004  9.604476197725959E-004  8.435707030137524E-004
  7.969027535404459E-004  7.511980192647745E-004  7.006593879456313E-004
  6.542210987190856E-004  6.086551278466812E-004  5.638078541161581E-004
  5.200727362526928E-004  4.778013685513688E-004  4.373292132994931E-004
  3.989022704559457E-004  3.627000938629429E-004  3.288439466784249E-004
  2.973936416458003E-004  2.737521592722511E-004  2.700293028309221E-004
  2.141636814686488E-004  1.914375892966816E-004  1.709653146287386E-004
  1.525943966096246E-004  1.361585341912005E-004  1.376135670362007E-004
  1.193957544633064E-004  9.104777106051948E-005  8.099948401149066E-005
  7.213744751633325E-005  8.072777848515820E-005  5.902138365176692E-005
  4.603291421927158E-005  4.117766327676213E-005  4.768217347608413E-005
  3.482562964417312E-005  2.553546051385499E-005  2.341761998853039E-005
  3.138615923139635E-005  1.537839336957054E-005  1.416550425640225E-005
  1.843294785619472E-005  1.209889995326594E-005  8.548485125101379E-006
  1.110609192899449E-005  8.351945623571929E-006  5.121107359004620E-006
  7.134449899239457E-006  5.048216155840307E-006  3.081907882071219E-006
  4.902107674014693E-006  2.634884321852401E-006  1.881802760087907E-006
  3.521092614255639E-006  1.085486621330824E-006  1.641944871274396E-006
  1.629846680363797E-006  6.874078130329558E-007  1.382770158161434E-006
  5.809151695212153E-007  6.341534399474061E-007  7.321276277359119E-007
  2.535021082514679E-007  6.129755715438075E-007  1.967442646181299E-007
  3.105396280361148E-007  2.439845656157013E-007  1.295426799963492E-007
  2.455365429463947E-007  5.254462534939737E-008  1.727684808726288E-007
  4.776177289055353E-008  9.460874333704500E-008  5.333835024976807E-008
  4.826550525021371E-008  5.002139738113693E-008  2.190254264375944E-008
  4.277029867774973E-008  7.725367595343710E-009  3.443701028444443E-008
  2.978549878068437E-009  2.200810949663907E-008  3.117336129243029E-009
  1.349056272431446E-008  2.966208916285428E-009  8.299776729397701E-009
  2.422836318924195E-009  5.151291760181394E-009  1.803813205591215E-009
  3.242060967081879E-009  1.252552435183805E-009  2.077945285157462E-009
  8.180992025181600E-010  1.359492702425393E-009  5.024223095903626E-010
  9.077135440884387E-010  2.874518928985577E-010  6.167835946644924E-010
  1.495369459674119E-010  4.245181056560538E-010  6.640555511039021E-011
  2.943293307759525E-010  1.989125223053640E-011  2.044412116765699E-010
  0.000000000000000E+000  1.344730942712074E-010  3.554986284037326E-012
  7.063319272492188E-011 -3.892537404612279E-010  5.245925565236574E-010
  0.000000000000000E+000  0.000000000000000E+000  0.000000000000000E+000
  0.000000000000000E+000  0.000000000000000E+000  0.000000000000000E+000
  0.000000000000000E+000  0.000000000000000E+000  0.000000000000000E+000
  0.000000000000000E+000  0.000000000000000E+000  5.269849624450374E-005
  1.638764768624740E-004  2.535893423278237E-004  3.278058316527373E-004
  4.509944602560165E-004  5.545641063288068E-004  7.515877340149113E-004
  8.853649401186476E-004  1.076845230591027E-003  1.319340776832151E-003
  1.564337532476800E-003  1.837843150192878E-003  2.154098650905010E-003
  2.512879295966603E-003  2.900893435453994E-003  3.846271034115012E-003
  3.983531571698016E-003  4.406191726150890E-003  4.916366971945599E-003
  6.184243659524574E-003  6.152090812902185E-003  6.414875079622677E-003
  7.286713813193991E-003  8.064529257033860E-003  7.553826949198650E-003
  7.809356603644893E-003  9.207865794897815E-003  8.341372158408801E-003
  8.221207593976574E-003  8.243489811834551E-003  8.922923211743925E-003
  8.457455198772515E-003  7.861460347029559E-003  7.658769771770356E-003
  7.417967173048916E-003  7.141439647343713E-003  6.808307983508645E-003
  6.382026574621143E-003  6.118853066662492E-003  5.597486011836589E-003
  5.092734211065405E-003  4.715282302926850E-003  4.348186335997475E-003
  3.994606373170879E-003  3.723561525146467E-003  3.481040689794006E-003
  3.053394707194756E-003  2.761863431269581E-003  2.491812894795246E-003
  2.243289981100621E-003  2.015927514713945E-003  1.809016041943187E-003
  1.621574138289015E-003  1.516565310084773E-003  1.521527150125753E-003
  1.115970194718143E-003  9.940835278876943E-004  8.861308954100100E-004
  7.905297215519564E-004  9.241686581085044E-004  5.904581621889578E-004
  5.156544114723002E-004  4.605880098636440E-004  5.273129185550830E-004
  3.859664347272211E-004  2.896557745222776E-004  2.611124590284111E-004
  3.413176314285142E-004  1.890106267059885E-004  1.613288317557104E-004
  1.887070060425017E-004  1.596045979613468E-004  9.764555417962236E-005
  1.079732277262254E-004  1.165151039514522E-004  5.835178118453488E-005
  6.650553563661491E-005  7.567745843947472E-005  3.480335064508210E-005
  4.494773456290632E-005  4.381873045647858E-005  2.101071683184790E-005
  3.276521536212251E-005  2.197245074390960E-005  1.296750867048899E-005
  2.473121731235598E-005  8.652702050109136E-006  1.145346973587973E-005
  1.216265971602297E-005  4.763366004884541E-006  1.016923018333009E-005
  3.999909675051750E-006  4.831929259205825E-006  5.001827582831790E-006
  1.811850562093984E-006  4.724876701386540E-006  1.107996166800009E-006
  2.524679762938119E-006  1.466630233098679E-006  1.194452477197911E-006
  1.505505088479644E-006  4.288168317267223E-007  1.376232443021637E-006
  1.942317656903975E-007  8.226932124422970E-007  2.451070938798187E-007
  4.632579767020937E-007  2.479611785891362E-007  2.506475108077164E-007
  2.191328480716385E-007  1.289094954184408E-007  1.789659854640396E-007
  6.192184699303819E-008  1.383953337114265E-007  2.689488943133900E-008
  1.026046886264270E-007  9.821065651657529E-009  7.344032370686556E-008
  2.672023126773360E-009  5.030529253499518E-008  8.301735326069352E-010
  3.267963881260299E-008  5.309005545857072E-010  2.144035581762351E-008
  6.500447642337782E-011  1.420320593263750E-008  0.000000000000000E+000
  8.863191963366779E-009  3.124331637559016E-010  5.306636551407822E-009
  5.354703317245580E-010  3.062440265486138E-009  6.195543074237480E-010
  1.690572538991901E-009  6.060222478859735E-010  8.808861524655750E-010
  5.364609644069899E-010 -5.497285229037411E-009  7.628398411132718E-009
  0.000000000000000E+000  0.000000000000000E+000  0.000000000000000E+000
  0.000000000000000E+000  0.000000000000000E+000  0.000000000000000E+000
  0.000000000000000E+000  0.000000000000000E+000  0.000000000000000E+000
  0.000000000000000E+000  0.000000000000000E+000  0.000000000000000E+000
  0.000000000000000E+000  0.000000000000000E+000  0.000000000000000E+000
  0.000000000000000E+000  0.000000000000000E+000  0.000000000000000E+000
  0.000000000000000E+000  3.220311816433280E-005  2.997965907540993E-004
  5.708983856387256E-004  1.019085622579029E-003  1.547067494291512E-003
  1.914309122767860E-003  3.125840826484402E-003  3.168001412248429E-003
  4.927725539343152E-003  4.895567366009079E-003  7.243773888057071E-003
  7.249657689365577E-003  9.680798012929892E-003  1.005858585237233E-002
  1.170143745164086E-002  1.311785686900570E-002  1.282906521786773E-002
  1.620991309577803E-002  1.422183868311051E-002  1.576792006588932E-002
  1.729548656036530E-002  1.557415347358131E-002  1.578823845753023E-002
  1.829164770316317E-002  1.593093623320893E-002  1.553920653125493E-002
  1.526969695035008E-002  1.491168250679605E-002  1.549950378280011E-002
  1.421998540130909E-002  1.309836239330038E-002  1.230930407325967E-002
  1.155552149833096E-002  1.079322251391017E-002  1.003466962723574E-002
  9.291691717249978E-003  8.567422047064118E-003  7.869497495151704E-003
  7.203294570151885E-003  6.572123551100382E-003  5.978877488327365E-003
  5.425225023248496E-003  4.911771604017703E-003  5.012992935788844E-003
  4.003722518870147E-003  3.546423025380792E-003  3.176795618986861E-003
  2.844005628238999E-003  2.545365807961612E-003  2.471871769553983E-003
  2.373267348404401E-003  1.722244383713124E-003  1.537074778591340E-003
  1.373476739141647E-003  1.475171362777506E-003  1.216753839993598E-003
  8.864257890336049E-004  7.946982931995051E-004  8.786893253092120E-004
  7.326747672558156E-004  4.970161300345599E-004  4.507872119764722E-004
  6.015503812754464E-004  3.298927727791889E-004  2.784345973157121E-004
  3.456599242402236E-004  2.641241613434848E-004  1.691576010298195E-004
  2.083953022175886E-004  1.836391936212300E-004  1.019741419957184E-004
  1.351995517749397E-004  1.128031024704213E-004  6.172440826878666E-005
  9.449006441027658E-005  6.028270747583744E-005  3.793326093291124E-005
  6.932968733474138E-005  2.610479107824943E-005  3.118634211157644E-005
  3.694389932827352E-005  1.393205769256111E-005  2.739969523532372E-005
  1.385209405233908E-005  1.205514272983835E-005  1.679097375193232E-005
  5.160331627550485E-006  1.237994390496186E-005  4.868159680840352E-006
  6.113532406343041E-006  5.756608453269253E-006  2.371088326085823E-006
  5.696913194201589E-006  1.061931294808700E-006  3.562108387094736E-006
  1.225350521656486E-006  1.921230447766462E-006  1.306028202324088E-006
  9.514323693209740E-007  1.202789178500822E-006  4.037542961427598E-007
  1.020399008198223E-006  1.389979051953711E-007  7.683300266446366E-007
  8.001848399537246E-008  4.709122588629472E-007  9.078366120111027E-008
  2.883266756805993E-007  8.138241199312628E-008  1.772194740951952E-007
  6.485526971872206E-008  1.099804512562058E-007  4.781615495741150E-008
  6.932070242000656E-008  3.316219645555328E-008  4.459699203074993E-008
  2.177109355203536E-008  2.936547456455419E-008  1.352394475135101E-008
  1.978470225585612E-008  7.891591474958919E-009  1.359405600111119E-008
  4.248015460571777E-009  9.474154059513738E-009  2.020074020978753E-009
  6.655393348328186E-009  7.443451856362899E-010  4.683998450912729E-009
  7.525196498063835E-011 -1.812205847549977E-008  2.650157572834582E-008
  0.000000000000000E+000  0.000000000000000E+000  0.000000000000000E+000
  0.000000000000000E+000  0.000000000000000E+000  0.000000000000000E+000
  0.000000000000000E+000  0.000000000000000E+000  0.000000000000000E+000
  0.000000000000000E+000  0.000000000000000E+000  0.000000000000000E+000
  0.000000000000000E+000  0.000000000000000E+000  0.000000000000000E+000
  0.000000000000000E+000  0.000000000000000E+000  0.000000000000000E+000
  0.000000000000000E+000  0.000000000000000E+000  0.000000000000000E+000
  0.000000000000000E+000  0.000000000000000E+000  0.000000000000000E+000
  0.000000000000000E+000  1.347780307908919E-006  7.433222233876427E-005
  3.239240210055568E-004  6.873539350402754E-004  1.151355320281389E-003
  1.714614267710047E-003  2.354560565163149E-003  3.014463508474958E-003
  3.998648024128817E-003  4.853733855647076E-003  5.272101552960430E-003
  6.637066069170973E-003  6.991977647519216E-003  7.755956377086672E-003
  8.044701860902601E-003  8.903258773656844E-003  8.158011016634825E-003
  1.003925264020966E-002  8.798388653554779E-003  8.787646172040663E-003
  9.756050369394901E-003  9.260814495395842E-003  8.618371735913578E-003
  8.465008177838313E-003  8.268386966010600E-003  8.226949537699023E-003
  8.292054776233381E-003  7.223914966620909E-003  6.820828462385193E-003
  6.385230943004654E-003  5.958649799893452E-003  5.537371232606693E-003
  5.121278872746394E-003  4.719403566624629E-003  4.333477087278794E-003
  3.965681312654648E-003  3.618558329926390E-003  3.293101460751405E-003
  3.258265983404086E-003  2.785973841311953E-003  2.426522168291843E-003
  2.181783939507804E-003  1.959700112450208E-003  1.759040462048486E-003
  1.578360318597181E-003  1.676908610268799E-003  1.317418142207909E-003
  1.080125048208206E-003  9.663597274586601E-004  8.657975366075000E-004
  1.009673363363808E-003  6.791644550820034E-004  5.653296971125270E-004
  5.074218849763033E-004  6.078757832874730E-004  4.125863821321809E-004
  3.208791873049208E-004  3.068269354608790E-004  3.825353370787134E-004
  1.971389033521597E-004  1.816806903256977E-004  2.430080488620800E-004
  1.496285211325679E-004  1.115971155116749E-004  1.488373759531083E-004
  1.053941152564923E-004  6.801355663766206E-005  9.716247956654949E-005
  6.479726970828681E-005  4.157079505896544E-005  6.764861858677460E-005
  3.409646627375424E-005  2.695164046132327E-005  4.678043503879098E-005
  1.515360589020531E-005  2.350781476984128E-005  2.181119279807421E-005
  9.705345145183927E-006  1.988713380480514E-005  7.715304544568356E-006
  9.379911116534527E-006  1.003110791205242E-005  3.686356434461769E-006
  9.036858761356029E-006  2.630381934791985E-006  4.683859266285865E-006
  3.391106274770499E-006  2.039284084706661E-006  3.482459807269516E-006
  8.032875592343824E-007  2.641116482003352E-006  6.477034796511656E-007
  1.474761438017625E-006  7.548168795980167E-007  7.728115470078525E-007
  7.242867511329970E-007  3.663865666157924E-007  6.295087690092073E-007
  1.428456825178210E-007  5.136854132404883E-007  5.140493991038007E-008
  3.550371496320084E-007  4.017629873075415E-008  2.206062295789273E-007
  4.088706807235576E-008  1.375958150611020E-007  3.451962254344643E-008
  8.655618810256872E-008  2.622016447464655E-008  5.517408750644320E-008
  1.844302695756202E-008  3.577400996231459E-008  1.213587464328420E-008
  2.364169241545211E-008  7.465421982900448E-009  1.591988166370313E-008
  4.242506858070315E-009  1.089496193806185E-008  2.156654559086242E-009
  7.545289752589136E-009  8.944836137801410E-010  5.261151366516253E-009
  1.906663420793286E-010 -2.209183970922041E-008  3.184186436610727E-008
  0.000000000000000E+000  0.000000000000000E+000  0.000000000000000E+000
  0.000000000000000E+000  0.000000000000000E+000  0.000000000000000E+000
  0.000000000000000E+000  0.000000000000000E+000  0.000000000000000E+000
  0.000000000000000E+000  0.000000000000000E+000  0.000000000000000E+000
  0.000000000000000E+000  0.000000000000000E+000  0.000000000000000E+000
  0.000000000000000E+000  0.000000000000000E+000  0.000000000000000E+000
  0.000000000000000E+000  0.000000000000000E+000  0.000000000000000E+000
  0.000000000000000E+000  0.000000000000000E+000  0.000000000000000E+000
  0.000000000000000E+000  0.000000000000000E+000  0.000000000000000E+000
  0.000000000000000E+000  0.000000000000000E+000  0.000000000000000E+000
  0.000000000000000E+000  8.532579918986207E-008  6.221391767183183E-006
  3.402869347668260E-005  9.056133801391409E-005  1.698540014444998E-004
  2.607481071398442E-004  3.815378922884115E-004  4.990942625177722E-004
  6.103639244636732E-004  7.179635440948423E-004  8.365613342674941E-004
  9.646109223340701E-004  9.342350608370362E-004  1.156507693161789E-003
  1.033275983083794E-003  1.168703480278340E-003  1.205372554587730E-003
  1.110801103977978E-003  1.162534957259513E-003  1.247968470266025E-003
  1.096285130420782E-003  1.077956029554879E-003  1.062056535121939E-003
  1.035117505933387E-003  1.009608650767116E-003  9.987670682958935E-004
  8.734426153196951E-004  8.207458361559616E-004  7.674040382731901E-004
  7.121187392413320E-004  6.594593740929973E-004  6.082542177181427E-004
  5.588759031783383E-004  5.183586526838490E-004  5.060978797927432E-004
  4.270159728313882E-004  3.867633984533845E-004  3.496271224202564E-004
  3.155788363342672E-004  2.845298439445387E-004  2.563422124927896E-004
  2.489925209304839E-004  2.392217519431016E-004  1.789469275977214E-004
  1.604593181053614E-004  1.442384330510406E-004  1.423582122621198E-004
  1.429563543806528E-004  9.567003310079150E-005  8.580177573031691E-005
  8.058365963849182E-005  9.526524129649585E-005  5.460520812565065E-005
  4.945342612980591E-005  5.430739669587305E-005  5.019926465106439E-005
  3.084265798456801E-005  2.849158172015845E-005  4.128318317030175E-005
  1.880165412198658E-005  1.765974992842412E-005  2.588652532819757E-005
  1.344517870442692E-005  1.090609536298215E-005  1.701482915729842E-005
  8.258071200714185E-006  6.744933663763632E-006  1.180115168236829E-005
  4.205732565721762E-006  5.252218190225273E-006  6.427071151994317E-006
  2.549151212685724E-006  4.332165565957957E-006  2.901962285672071E-006
  1.648202737713841E-006  3.507694286860325E-006  9.215279162224257E-007
  1.785814147709091E-006  1.356934696606380E-006  6.991326816755878E-007
  1.497225368202080E-006  3.457892013263257E-007  8.799678398153094E-007
  4.448802529636701E-007  4.254145151957360E-007  4.872343615637651E-007
  1.564738111458450E-007  4.647409867501668E-007  7.357354779975120E-008
  2.782350133239763E-007  9.449250805889067E-008  1.541140245315740E-007
  9.796463558611405E-008  8.021863379832488E-008  8.873137566043696E-008
  3.793792971208083E-008  7.431723196970561E-008  1.498647168859148E-008
  5.898911045399779E-008  5.109520523816550E-009  4.160515646219521E-008
  3.365215813230288E-009  2.636732672333290E-008  3.418470674870099E-009
  1.683039343814528E-008  2.807713015005224E-009  1.085855114160402E-008
  2.038587739827131E-009  7.100641928848581E-009  1.342092321112891E-009
  4.712811379678283E-009  7.995836712106511E-010  3.173858411565753E-009
  4.178005380605184E-010  2.164514951477806E-009  1.717133684265314E-010
  1.489982754766445E-009 -9.186481826454922E-009  1.197188311467151E-008
  5.000000237487257E-004  2.333985462477287E-002  4.617970922579701E-002
  6.901956382682115E-002  9.185941842784529E-002  0.114699273028869     
  0.137539127629894       0.160378982230918       0.183218836831942     
  0.206058691432966       0.228898546033990       0.251738400635014     
  0.274578255236038       0.297418109837063       0.320257964438087     
  0.343097819039111       0.365937673640135       0.388777528241159     
  0.411617382842183       0.434457237443207       0.457297092044232     
  0.480136946645256       0.502976801246280       0.525816655847304     
  0.548656510448328       0.571496365049352       0.594336219650376     
  0.617176074251401       0.640015928852425       0.662855783453449     
  0.685695638054473       0.708535492655497       0.731375347256521     
  0.754215201857545       0.777055056458569       0.799894911059594     
  0.822734765660618       0.845574620261642       0.868414474862666     
  0.891254329463690       0.914094184064714       0.936934038665738     
  0.959773893266763       0.982613747867787        1.00545360246881     
   1.02829345706983        1.05113331167086        1.07397316627188     
   1.09681302087291        1.11965287547393        1.14249273007496     
   1.16533258467598        1.18817243927700        1.21101229387803     
   1.23385214847905        1.25669200308008        1.27953185768110     
   1.30237171228212        1.32521156688315        1.34805142148417     
   1.37089127608520        1.39373113068622        1.41657098528725     
   1.43941083988827        1.46225069448929        1.48509054909032     
   1.50793040369134        1.53077025829237        1.55361011289339     
   1.57644996749441        1.59928982209544        1.62212967669646     
   1.64496953129749        1.66780938589851        1.69064924049954     
   1.71348909510056        1.73632894970158        1.75916880430261     
   1.78200865890363        1.80484851350466        1.82768836810568     
   1.85052822270670        1.87336807730773        1.89620793190875     
   1.91904778650978        1.94188764111080        1.96472749571182     
   1.98756735031285        2.01040720491387        2.03324705951490     
   2.05608691411592        2.07892676871695        2.10176662331797     
   2.12460647791899        2.14744633252002        2.17028618712104     
   2.19312604172207        2.21596589632309        2.23880575092411     
   2.26164560552514        2.28448546012616        2.30732531472719     
   2.33016516932821        2.35300502392924        2.37584487853026     
   2.39868473313128        2.42152458773231        2.44436444233333     
   2.46720429693436        2.49004415153538        2.51288400613640     
   2.53572386073743        2.55856371533845        2.58140356993948     
   2.60424342454050        2.62708327914152        2.64992313374255     
   2.67276298834357        2.69560284294460        2.71844269754562     
   2.74128255214665        2.76412240674767        2.78696226134869     
   2.80980211594972        2.83264197055074        2.85548182515177     
   2.87832167975279        2.90116153435381        2.92400138895484     
   2.94684124355586        2.96968109815689        2.99252095275791     
   3.01536080735894        3.03820066195996        3.06104051656098     
   3.08388037116201        3.10672022576303        3.12956008036406     
   3.15239993496508        3.17523978956610        3.19807964416713     
   3.22091949876815        3.24375935336918        3.26659920797020     
   3.28943906257122        3.31227891717225        3.33511877177327     
   3.35795862637430        3.38079848097532        3.40363833557635     
