  0.000000000000000E+000  0.000000000000000E+000  0.000000000000000E+000
  0.000000000000000E+000  0.000000000000000E+000  0.000000000000000E+000
  0.000000000000000E+000  0.000000000000000E+000  0.000000000000000E+000
  0.000000000000000E+000  0.000000000000000E+000  0.000000000000000E+000
  0.000000000000000E+000  0.000000000000000E+000  0.000000000000000E+000
 -2.036615640226466E-019 -9.185195536387508E-019  3.552205001203208E-019
  6.007668030850445E-019  2.180703163751511E-019  3.974949496308909E-019
  3.396523707868259E-018  1.167417245297962E-016  1.977116169246954E-016
  1.804351830330335E-015  6.897184511492391E-015  2.442144575387267E-014
  1.636677322160081E-013  6.440951784893658E-013  1.692770618124594E-012
  8.037644446778987E-012  5.283784386824883E-011  1.483041109808856E-010
  1.089921270328597E-009  4.804244834133195E-009  1.167514221497251E-008
  2.365298210419598E-008  4.256956827183916E-008  9.373116802659675E-008
  1.563158507022235E-007  2.689431804242117E-007  5.424746056662897E-007
  1.003372412345783E-006  1.765366165017390E-006  3.230296249980925E-006
  5.596677748381287E-006  1.117894756191895E-005  2.607466645445656E-005
  3.974632751251319E-005  7.112362500845477E-005  1.335616703640843E-004
  2.603141533565577E-004  4.956445731298124E-004  8.052438100639038E-004
  9.299323132667133E-004  8.057194643602665E-004  7.004928568940230E-004
  6.880546338994938E-004  6.601701300517685E-004  7.999611342109095E-004
  6.951858004356267E-004  1.081269594416778E-003  1.037402035717365E-003
  1.157574185352721E-003  1.302830794453920E-003  1.474807937477043E-003
  1.630487816610418E-003  1.781995486197345E-003  1.989489386192967E-003
  2.249631068405649E-003  2.539172142722370E-003  2.858908034101568E-003
  3.222321727159572E-003  3.605266504535991E-003  4.000060204633012E-003
  4.435963475265032E-003  4.830533554443754E-003  4.968452942670320E-003
  4.452937415044282E-003  2.801145265541651E-003  3.782364926847236E-004
  1.923416010147847E-007  3.176730745024265E-018  1.784135488855789E-018
  6.935375466470811E-019 -9.380677695262043E-020  3.314891119455218E-038
 -8.375394628474795E-041 -6.112638482694606E-041  5.295181084115798E-041
 -3.114128598220018E-041  4.532055573545634E-042  9.257220311746751E-044
 -1.731509668381585E-043 -1.813564455739248E-043 -8.962340899483754E-045
 -6.133976245762477E-045 -2.939646503422430E-046  3.399522738757794E-046
 -6.356939064558192E-046
  0.000000000000000E+000  0.000000000000000E+000  0.000000000000000E+000
  0.000000000000000E+000  0.000000000000000E+000  0.000000000000000E+000
  0.000000000000000E+000  0.000000000000000E+000  0.000000000000000E+000
  0.000000000000000E+000  0.000000000000000E+000  0.000000000000000E+000
  0.000000000000000E+000  0.000000000000000E+000  0.000000000000000E+000
  0.000000000000000E+000  0.000000000000000E+000  0.000000000000000E+000
  0.000000000000000E+000  0.000000000000000E+000  0.000000000000000E+000
  0.000000000000000E+000  0.000000000000000E+000  0.000000000000000E+000
  0.000000000000000E+000  0.000000000000000E+000  0.000000000000000E+000
  0.000000000000000E+000  0.000000000000000E+000  0.000000000000000E+000
  1.021439793466599E-015  1.060898648514102E-014  1.000189817655958E-013
  8.036107342699427E-013  7.214869869921735E-012  4.796858053028377E-011
  4.229225862400820E-010  4.407232305935022E-009  3.603190634608947E-008
  8.522803452348861E-008  1.635660860008173E-007  4.055552698956591E-007
  6.766782165793319E-007  1.312408338877542E-006  2.551333012491071E-006
  6.444554393472946E-006  1.202608798439861E-005  2.325901006762158E-005
  4.514758105853561E-005  1.158058479357281E-004  2.000582264662657E-004
  3.992167993692035E-004  7.804228350556387E-004  2.086264550784233E-003
  3.724114210511298E-003  4.166610080827650E-003  3.491927077736635E-003
  2.987216363772744E-003  2.921806045555495E-003  2.466134512140897E-003
  3.463410999205031E-003  3.916233514817300E-003  4.092785137048431E-003
  4.521559532076613E-003  5.069562544345364E-003  5.752995829776284E-003
  6.599856816827837E-003  7.274796009787783E-003  7.894882262793930E-003
  8.956288220516877E-003  1.019892425449640E-002  1.155549706174481E-002
  1.289401720275169E-002  1.474870921631623E-002  1.645504691549649E-002
  1.833345703123371E-002  2.060212689450633E-002  2.215046625775576E-002
  2.219868782527695E-002  1.667559541334897E-002  3.039589217917910E-003
  1.104555716490784E-006  1.521648523870043E-017  1.004998788761025E-017
  5.013763645015806E-018 -1.125447024912588E-018  2.673013414975207E-038
  6.758352160871850E-040  2.826267942502713E-040 -7.939641762288833E-041
 -4.582883796724489E-041 -2.925604200565967E-042  9.726547229587634E-043
 -1.885540631813585E-043 -7.255648570540411E-044 -1.399892876260248E-046
 -8.382615884322767E-045 -7.628914258858355E-046 -7.215706381247253E-046
 -5.879294331168514E-046
  0.000000000000000E+000  0.000000000000000E+000  0.000000000000000E+000
  0.000000000000000E+000  0.000000000000000E+000  0.000000000000000E+000
  0.000000000000000E+000  0.000000000000000E+000  0.000000000000000E+000
  0.000000000000000E+000  0.000000000000000E+000  0.000000000000000E+000
  0.000000000000000E+000  0.000000000000000E+000  0.000000000000000E+000
  0.000000000000000E+000  0.000000000000000E+000  0.000000000000000E+000
  0.000000000000000E+000  0.000000000000000E+000  0.000000000000000E+000
  0.000000000000000E+000  0.000000000000000E+000  0.000000000000000E+000
  0.000000000000000E+000  0.000000000000000E+000  0.000000000000000E+000
  0.000000000000000E+000  0.000000000000000E+000  0.000000000000000E+000
  0.000000000000000E+000  0.000000000000000E+000  0.000000000000000E+000
  0.000000000000000E+000  0.000000000000000E+000  0.000000000000000E+000
  0.000000000000000E+000  0.000000000000000E+000  0.000000000000000E+000
  0.000000000000000E+000  0.000000000000000E+000  0.000000000000000E+000
  0.000000000000000E+000  0.000000000000000E+000  9.167456219636182E-008
  2.345979393705930E-007  5.595487698661559E-007  1.234547090359790E-006
  3.538367898596365E-006  9.280919323593332E-006  2.133204883014005E-005
  6.246346312151995E-005  1.629868222213260E-004  3.687695740798253E-004
  1.068444906880406E-003  3.034914863292308E-003  7.920212200509877E-003
  6.647526611192928E-003  4.990157173184963E-003  4.238393835216098E-003
  3.923029291375197E-003  5.440313923190452E-003  5.531324661341852E-003
  6.097325057437792E-003  6.860979695583356E-003  7.723403354398711E-003
  8.709174216209228E-003  1.018368747732101E-002  1.114264187661677E-002
  1.231010168889029E-002  1.410148293967451E-002  1.611111267404862E-002
  1.818354065387835E-002  2.062417780271617E-002  2.429480104192074E-002
  2.701675923781485E-002  3.046897294242850E-002  3.479249470498478E-002
  3.980714028379321E-002  3.990275635095362E-002  1.071982517702281E-002
  2.602039716808517E-006  3.378708004290950E-017  1.577861292618251E-017
  9.210332426365404E-018  1.228904247247571E-018  1.619775868785733E-038
  5.426302437679135E-040  9.571384196894126E-041 -6.226867682374574E-041
 -2.664145143195800E-041 -1.103425571130348E-042  4.726943155342647E-043
 -1.476865401705850E-043 -5.302891968968582E-044 -5.607335529429805E-045
 -5.792304946709595E-045 -1.036722314854505E-045 -7.077824911250404E-046
 -3.614491681680263E-046
  0.000000000000000E+000  0.000000000000000E+000  0.000000000000000E+000
  0.000000000000000E+000  0.000000000000000E+000  0.000000000000000E+000
  0.000000000000000E+000  0.000000000000000E+000  0.000000000000000E+000
  0.000000000000000E+000  0.000000000000000E+000  0.000000000000000E+000
  0.000000000000000E+000  0.000000000000000E+000  0.000000000000000E+000
  0.000000000000000E+000  0.000000000000000E+000  0.000000000000000E+000
  0.000000000000000E+000  0.000000000000000E+000  0.000000000000000E+000
  0.000000000000000E+000  0.000000000000000E+000  0.000000000000000E+000
  0.000000000000000E+000  0.000000000000000E+000  0.000000000000000E+000
  0.000000000000000E+000  0.000000000000000E+000  0.000000000000000E+000
  0.000000000000000E+000  0.000000000000000E+000  0.000000000000000E+000
  0.000000000000000E+000  0.000000000000000E+000  0.000000000000000E+000
  0.000000000000000E+000  0.000000000000000E+000  0.000000000000000E+000
  0.000000000000000E+000  0.000000000000000E+000  0.000000000000000E+000
  0.000000000000000E+000  0.000000000000000E+000  0.000000000000000E+000
  0.000000000000000E+000  0.000000000000000E+000  0.000000000000000E+000
  0.000000000000000E+000  0.000000000000000E+000  0.000000000000000E+000
  0.000000000000000E+000  0.000000000000000E+000  0.000000000000000E+000
  0.000000000000000E+000  0.000000000000000E+000  0.000000000000000E+000
  0.000000000000000E+000  0.000000000000000E+000  0.000000000000000E+000
  9.182354401958671E-003  4.002505405212172E-003  2.800988412942518E-003
  2.566096725379599E-003  3.268599546841132E-003  3.612185766915642E-003
  4.264856110051115E-003  5.074887688817750E-003  5.519166088169540E-003
  6.350487461741422E-003  7.153551291461968E-003  8.326429196709612E-003
  9.923379142256984E-003  1.186753556014060E-002  1.314058474865353E-002
  1.547089173274616E-002  1.751328970359964E-002  2.070160189941245E-002
  2.714479002204995E-002  4.779688265711047E-002  2.414282674846462E-002
  3.391873897041213E-006  1.493127365730117E-017  9.300301819713920E-018
  4.582953845727215E-018 -3.336164505023906E-019  5.795171186538289E-039
  2.011189684316267E-040  1.924934881737026E-041 -2.688377641739783E-041
 -9.284770194794198E-042 -2.920237962566059E-043  1.139780827746295E-043
 -6.462952325543013E-044 -1.985716413591704E-044 -3.617018571472259E-045
 -2.429860180479006E-045 -6.256348488549448E-046 -3.613383311353676E-046
 -1.318355400365311E-046
  0.000000000000000E+000  0.000000000000000E+000  0.000000000000000E+000
  0.000000000000000E+000  0.000000000000000E+000  0.000000000000000E+000
  0.000000000000000E+000  0.000000000000000E+000  0.000000000000000E+000
  0.000000000000000E+000  0.000000000000000E+000  0.000000000000000E+000
  0.000000000000000E+000  0.000000000000000E+000  0.000000000000000E+000
  0.000000000000000E+000  0.000000000000000E+000  0.000000000000000E+000
  0.000000000000000E+000  0.000000000000000E+000  0.000000000000000E+000
  0.000000000000000E+000  0.000000000000000E+000  0.000000000000000E+000
  0.000000000000000E+000  0.000000000000000E+000  0.000000000000000E+000
  0.000000000000000E+000  0.000000000000000E+000  0.000000000000000E+000
  0.000000000000000E+000  0.000000000000000E+000  0.000000000000000E+000
  0.000000000000000E+000  0.000000000000000E+000  0.000000000000000E+000
  0.000000000000000E+000  0.000000000000000E+000  0.000000000000000E+000
  0.000000000000000E+000  0.000000000000000E+000  0.000000000000000E+000
  0.000000000000000E+000  0.000000000000000E+000  0.000000000000000E+000
  0.000000000000000E+000  0.000000000000000E+000  0.000000000000000E+000
  0.000000000000000E+000  0.000000000000000E+000  0.000000000000000E+000
  0.000000000000000E+000  0.000000000000000E+000  0.000000000000000E+000
  0.000000000000000E+000  0.000000000000000E+000  0.000000000000000E+000
  0.000000000000000E+000  0.000000000000000E+000  0.000000000000000E+000
  0.000000000000000E+000  0.000000000000000E+000  0.000000000000000E+000
  0.000000000000000E+000  0.000000000000000E+000  0.000000000000000E+000
  0.000000000000000E+000  0.000000000000000E+000  0.000000000000000E+000
  0.000000000000000E+000  0.000000000000000E+000  0.000000000000000E+000
  0.000000000000000E+000  0.000000000000000E+000  0.000000000000000E+000
  0.000000000000000E+000  0.000000000000000E+000  0.000000000000000E+000
  0.000000000000000E+000  0.000000000000000E+000  5.892989514277631E-002
  3.928549974010926E-006  3.214461640502623E-018  1.686669515082391E-018
  5.382253106602667E-019 -5.617223797517816E-020  8.809816192554355E-040
  3.062083305175137E-041  5.418038546432223E-043 -4.675086630239154E-042
 -1.378136592465712E-042 -3.628829658241915E-044  1.042092714862222E-044
 -1.134306507689794E-044 -3.362414393286485E-045 -7.936793882163569E-046
 -4.385645921273615E-046 -1.359679066044772E-046 -6.910174534751969E-047
 -2.059926773176703E-047
  -10.3589291772706       -10.3524953853014       -10.3460615933323     
  -10.3396278013631       -10.3331940093939       -10.3267602174248     
  -10.3203264254556       -10.3138926334864       -10.3074588415173     
  -10.3010250495481       -10.2945912575789       -10.2881574656098     
  -10.2817236736406       -10.2752898816715       -10.2688560897023     
  -10.2651840858627       -10.2559885057640       -10.2495547137948     
  -10.2431209218256       -10.2366871298565       -10.2302533378873     
  -10.2238195459181       -10.2173857539490       -10.2109519619798     
  -10.2045181700107       -10.1980843780415       -10.1916505860723     
  -10.1852167941032       -10.1787830021340       -10.1723492101648     
  -10.1685560076457       -10.1594816262265       -10.1530478342573     
  -10.1466140422882       -10.1401802503190       -10.1337464583499     
  -10.1273126663807       -10.1208788744115       -10.1144450824424     
  -10.1080112904732       -10.1015774985040       -10.0951437065349     
  -10.0887099145657       -10.0822761225965       -10.0760916312497     
  -10.0694085386582       -10.0629747466891       -10.0565409547199     
  -10.0501071627507       -10.0436733707816       -10.0372395788124     
  -10.0306744849663       -10.0241093911202       -10.0175442972741     
  -10.0109792034281       -10.0044141095820       -9.99784901573589     
  -9.99128392188980       -9.98471882804372       -9.97815373419763     
  -9.97283848239931       -9.96502354650546       -9.95845845265938     
  -9.95189335881329       -9.94532826496721       -9.93876317112112     
  -9.93219807727504       -9.92563298342895       -9.91906788958287     
  -9.91250279573678       -9.90593770189070       -9.89937260804461     
  -9.89280751419853       -9.88624242035244       -9.87967732650636     
  -9.87311223266027       -9.86654713881419       -9.85998204496810     
  -9.85341695112201       -9.84685185727593       -9.84238862396396     
  -9.83372166958376       -9.82715657573767       -9.82059148189159     
  -9.81402638804550       -9.80746129419942       -9.80089620035333     
  -9.79433110650725       -9.78776601266116       -9.78120091881508     
  -9.77463582496899       -9.76807073112291       -9.76150563727682     
  -9.75494054343073       -9.74837544958465       -9.74181035573856     
  -9.73524526189248       -9.72868016804639       -9.72211507420031     
  -9.71554998035422     
