  2.341548428414504E-005  1.574899349366570E-005  2.612650979447668E-005
  4.246623772892075E-005  5.432844874555051E-005  6.906856232384105E-005
  9.096634410409889E-005  1.035615363371787E-004  1.231057208986621E-004
  1.452514626359415E-004  1.683654459059161E-004  1.933496719639168E-004
  2.186593434548755E-004  2.456754359902726E-004  2.753694605263493E-004
  3.066379872499776E-004  3.398790362953757E-004  3.749184039380563E-004
  4.100079510696047E-004  4.471701062110517E-004  4.828726962872323E-004
  5.187896155409810E-004  5.542495457372749E-004  5.862544609741274E-004
  6.202309296272459E-004  6.524754807289933E-004  6.810573806564084E-004
  7.088887595009981E-004  7.346356315374693E-004  7.587283576365464E-004
  7.806567211753549E-004  8.014800665811288E-004  8.097025074756624E-004
  8.215689692191476E-004  8.302529186050408E-004  8.354378724899972E-004
  8.368469391070182E-004  8.344937582644732E-004  8.286243077945550E-004
  8.192793682897463E-004  8.064814300600487E-004  7.900396471140627E-004
  7.701430838874178E-004  7.444984856992635E-004  7.157825255734552E-004
  6.775793255674206E-004  6.434431297807477E-004  6.090742899514044E-004
  5.741010576557497E-004  5.388239427989100E-004  5.034675450707310E-004
  4.683436887319619E-004  4.337139520705376E-004  3.998090198102235E-004
  3.668500485491562E-004  3.350279292326385E-004  3.045067712640342E-004
  2.754249266140700E-004  2.478930003190920E-004  2.219948181674153E-004
  1.977881256673229E-004  1.753055775635254E-004  1.545559377305914E-004
  1.355245933449190E-004  1.181710671051889E-004  1.024203913182127E-004
  8.819218376848742E-005  7.545648635474506E-005  6.418138401010068E-005
  5.427626425903902E-005  4.563442834898102E-005  3.814428179757748E-005
  3.169485853532864E-005  2.617799552676964E-005  2.149015065146556E-005
  1.753378350056410E-005  1.421969350679770E-005  1.145612809503438E-005
  9.151374786781624E-006  7.279484011608649E-006  5.752747700317570E-006
  4.516160379351273E-006  3.521619316844673E-006  2.727431492605221E-006
  2.097791591868424E-006  1.602233059689763E-006  1.215068609468621E-006
  9.148367988853370E-007  6.837685086458503E-007  5.072838926542447E-007
  3.735272456120504E-007  2.729444418807053E-007  1.979052072877156E-007
  1.423705162275985E-007  1.016038554999818E-007  7.192394002489637E-008
  5.049566627309344E-008  3.515560045453465E-008  2.426806920461729E-008
  1.660789885355749E-008  1.126598564568313E-008  7.574128079105588E-009
  5.045874172673094E-009  3.330497720341267E-009  2.177591904943553E-009
  1.410135853678801E-009  9.042354875630501E-010  5.740550516234657E-010
  3.607348858863427E-010  2.243324639071063E-010  1.380280805552448E-010
  8.400609959017714E-011  5.056071564121913E-011  3.008562920394486E-011
  1.769390771692326E-011  1.028149424065559E-011  5.899268578650336E-012
  3.339441395155348E-012  1.865527107498274E-012  1.030434995627175E-012
  5.631594059791621E-013  3.045455967592063E-013  1.629491641950105E-013
  8.625618923422531E-014  4.516731253997135E-014  2.339434625547446E-014
  1.198413195065933E-014  6.071096208838575E-015  3.041220453852567E-015
  1.506273582322252E-015  7.375465162683637E-016  3.569920219312959E-016
  1.707908413795994E-016  8.075334856590630E-017  3.773104162568325E-017
  1.741932032211352E-017  7.945277857631313E-018  3.580001492961073E-018
  1.593322721509485E-018  7.003583607963554E-019  3.040058218379014E-019
  1.302977186425883E-019  5.513565343178878E-020  2.303112597518163E-020
  9.495713417862426E-021  3.863660274014937E-021  1.550814091616730E-021
  6.124560583318433E-022  2.318375429094152E-022  6.625787356559141E-023
  4.756343431520163E-005  3.199063527691467E-005  8.251076536110325E-005
  1.675010728822884E-004  2.286575118484790E-004  2.998497032542663E-004
  4.407766703938388E-004  5.303024493264726E-004  6.710445681019328E-004
  8.218378239948410E-004  9.812230807253915E-004  1.188723880209115E-003
  1.382300607373094E-003  1.582314138996713E-003  1.807175770126884E-003
  2.057752575765924E-003  2.329336865420781E-003  2.607450789879912E-003
  2.904644949382071E-003  3.246872038932649E-003  3.529778139147368E-003
  3.871249621465354E-003  4.211149085997137E-003  4.455979240833576E-003
  4.773718666930949E-003  5.102605930394693E-003  5.352556865252521E-003
  5.616363777832907E-003  5.852126470356139E-003  6.080639664375254E-003
  6.285990239839844E-003  6.469177901865026E-003  6.610307411287538E-003
  6.740453680971284E-003  6.845847620763059E-003  6.923662941286904E-003
  6.969559359391120E-003  6.980617887066813E-003  6.959410271619798E-003
  6.908739873346502E-003  6.828372301539293E-003  6.718750408821305E-003
  6.582978599764490E-003  6.417303007463404E-003  6.195415944886586E-003
  5.886274120887510E-003  5.607271776893502E-003  5.322987846590663E-003
  5.029770659633466E-003  4.733205262286696E-003  4.434029619556269E-003
  4.134908453889780E-003  3.838680049212769E-003  3.547259643257861E-003
  3.262717963419416E-003  2.986889019862676E-003  2.721309757606703E-003
  2.467323778554227E-003  2.226025705737441E-003  1.998271429258216E-003
  1.784687411488589E-003  1.585676336134649E-003  1.401431011595068E-003
  1.231949932200995E-003  1.077051758189904E-003  9.363011096814451E-004
  8.087448636652999E-004  6.937543914070633E-004  5.915142470076218E-004
  5.014155033449930E-004  4.225783923604622E-004  3.540584040009688E-004
  2.948962558200156E-004  2.441502086841850E-004  2.009107153416825E-004
  1.643126645255122E-004  1.335426734056789E-004  1.078297473669231E-004
  8.647843658867997E-005  6.895010705878317E-005  5.461694287246417E-005
  4.297771977798482E-005  3.359252967596270E-005  2.607864705079188E-005
  2.010617178598887E-005  1.539337499300637E-005  1.170188091123123E-005
  8.831838934257574E-006  6.617219092166003E-006  4.921335754146312E-006
  3.632675929738128E-006  2.661082710296590E-006  1.934321920206366E-006
  1.395041260233998E-006  9.981161609203335E-007  7.083650705819124E-007
  4.986086893968527E-007  3.480423434900792E-007  2.408878324570778E-007
  1.652902231427655E-007  1.124257542780846E-007  7.578884485853849E-008
  5.062879451009561E-008  3.350981234520993E-008  2.197125637220922E-008
  1.426821040906088E-008  9.175625127122682E-009  5.842106883132380E-009
  3.681994572909886E-009  2.296594786877874E-009  1.417347116872565E-009
  8.652797962399814E-010  5.224174019155918E-010  3.118498706274667E-010
  1.840008362178463E-010  1.072780636858396E-010  6.177898698679283E-011
  3.510133919493452E-011  1.966582829614093E-011  1.089037437260528E-011
  5.966775379608891E-012  3.234766509825625E-012  1.735101614544761E-012
  9.207586283114423E-013  4.833517348544806E-013  2.509771897151074E-013
  1.288887674681811E-013  6.545783281028960E-014  3.287224139381757E-014
  1.632198914040464E-014  8.012118505023186E-015  3.887819548759606E-015
  1.864673183626124E-015  8.838735968475646E-016  4.140195005865520E-016
  1.916224934219943E-016  8.762308382444852E-017  3.958108366495070E-017
  1.766054478782479E-017  7.782468373287347E-018  3.386697890679427E-018
  1.455223487452135E-018  6.173403177722522E-019  2.585281217644344E-019
  1.068620838132857E-019  4.359246850902283E-020  1.754653287612415E-020
  6.965703848689823E-021  2.717044293965710E-021  9.547192796122398E-022
  1.466568662257295E-005  9.863977203981862E-006  5.071162440801930E-005
  1.213798979238985E-004  1.720481914571116E-004  2.318315396711571E-004
  3.965821059793116E-004  5.387043942556174E-004  7.426800413481772E-004
  9.507644959713797E-004  1.169154514833158E-003  1.520863401081804E-003
  1.840532096519206E-003  2.171072841354346E-003  2.537581664083673E-003
  2.984797453725666E-003  3.474528928649660E-003  3.939265943246368E-003
  4.500976920276202E-003  5.209877918434630E-003  5.668583988712228E-003
  6.378849523338083E-003  7.074521761795243E-003  7.528986937744388E-003
  8.184441038863460E-003  8.950729157428054E-003  9.439554292892003E-003
  1.000930706250110E-002  1.049779083588053E-002  1.099720508733892E-002
  1.145192261527606E-002  1.185841312542456E-002  1.221389394311014E-002
  1.252562268480652E-002  1.279443888263630E-002  1.301791885202039E-002
  1.318108188563666E-002  1.326676737391906E-002  1.328708317240003E-002
  1.325041695579714E-002  1.315410337625602E-002  1.299841252700880E-002
  1.279407714003035E-002  1.258963285065711E-002  1.220232767541389E-002
  1.166478353919059E-002  1.115806650344778E-002  1.062520007278739E-002
  1.006780467734744E-002  9.502821409905484E-003  8.927466643330320E-003
  8.348124792706409E-003  7.771392810670240E-003  7.200729450039102E-003
  6.640734060182510E-003  6.095372696775335E-003  5.567946588005442E-003
  5.061446814473191E-003  4.578337037473913E-003  4.120602627221614E-003
  3.689764446801164E-003  3.286884652498172E-003  2.912595604997529E-003
  2.567136498704281E-003  2.250438735929850E-003  1.962598158975829E-003
  1.701061219018058E-003  1.463046779070989E-003  1.250693849472799E-003
  1.062826618992132E-003  8.979758300029733E-004  7.542521266431099E-004
  6.298005338962109E-004  5.227381542886129E-004  4.312491400465116E-004
  3.535854322207019E-004  2.880916323701910E-004  2.332218134712958E-004
  1.875910739205923E-004  1.499438467748068E-004  1.190737283746778E-004
  9.393589363327640E-005  7.360976211021366E-005  5.729113318982586E-005
  4.428400251506459E-005  3.399164974109376E-005  2.590723678217743E-005
  1.960423993864160E-005  1.472700934580307E-005  1.098169208718339E-005
  8.127696779355077E-006  5.969822896986323E-006  4.351129979118702E-006
  3.146580969422948E-006  2.257460571645062E-006  1.606543474643582E-006
  1.133968136274207E-006  7.937588037640234E-007  5.509307428583197E-007
  3.791103368817096E-007  2.586018860883215E-007  1.748357209749279E-007
  1.171368573774181E-007  7.775918848630321E-008  5.113656811658954E-008
  3.330864700720714E-008  2.148564747607011E-008  1.372216952008552E-008
  8.675467369306939E-009  5.428343636549019E-009  3.360857037767604E-009
  2.058447526737060E-009  1.246894930417017E-009  7.468054250730263E-010
  4.421339469729103E-010  2.586713459558736E-010  1.495276798973529E-010
  8.529191702048089E-011  4.793023503034489E-011  2.661659706525997E-011
  1.462332601335983E-011  7.949599299291384E-012  4.275872330442857E-012
  2.275334986902723E-012  1.197746593839188E-012  6.236494053539466E-013
  3.211652104526137E-013  1.635629197360845E-013  8.236924294519936E-014
  4.101324718052881E-014  2.018908367105077E-014  9.824182999164076E-015
  4.725167053762270E-015  2.246113851610552E-015  1.055097760530965E-015
  4.897245729280582E-016  2.245746475788740E-016  1.017349112245139E-016
  4.552290771483172E-017  2.011825656978314E-017  8.780113276659993E-018
  3.783622134456371E-018  1.609759482255954E-018  6.760933666930581E-019
  2.802788329263686E-019  1.146714306146760E-019  4.629650871328922E-020
  1.844733955063752E-020  7.285709106947694E-021  3.065763345731394E-021
  7.840379564293748E-007  5.273351823414361E-007  6.684031563501053E-006
  1.745231000707032E-005  2.516239803381144E-005  3.530021046805071E-005
  7.896722841537599E-005  1.290180597156722E-004  1.954454064948006E-004
  2.609876696608457E-004  3.304813485800864E-004  4.682531366361342E-004
  6.054644727799835E-004  7.596981417394342E-004  9.184362010611463E-004
  1.138635360118206E-003  1.377386423696884E-003  1.581288999192391E-003
  1.876436406999531E-003  2.278163176044910E-003  2.473759334721523E-003
  2.873826059942194E-003  3.239623291522323E-003  3.531725141556324E-003
  3.899377150074650E-003  4.401510162850023E-003  4.684808616924278E-003
  5.030780172303516E-003  5.326833244224216E-003  5.655210565465062E-003
  5.962954088116893E-003  6.217216754241025E-003  6.459153266298650E-003
  6.676513188333792E-003  6.875122377347014E-003  7.060760245739559E-003
  7.204483247432379E-003  7.282271098066185E-003  7.338868489587408E-003
  7.364042052709172E-003  7.349821206931870E-003  7.298952404954675E-003
  7.220508701263189E-003  7.176179474112649E-003  6.994508493278742E-003
  6.741970317134906E-003  6.494736046615841E-003  6.196882560716998E-003
  5.895346928468091E-003  5.587459153282417E-003  5.265539379928110E-003
  4.941111725911948E-003  4.615405752461112E-003  4.290270326540974E-003
  3.969486923946752E-003  3.655122308317094E-003  3.349379734549323E-003
  3.054252908942936E-003  2.771344980583478E-003  2.502028995625097E-003
  2.247383273603820E-003  2.008213641108912E-003  1.785065652612031E-003
  1.578243076001282E-003  1.387861701828298E-003  1.215434152246559E-003
  1.057834887769944E-003  9.116105106057974E-004  7.819259682166413E-004
  6.662553416358681E-004  5.646480137679593E-004  4.756444911300214E-004
  3.983542810909058E-004  3.316143284769921E-004  2.743943700507529E-004
  2.256521074133512E-004  1.844109051839999E-004  1.497474677270978E-004
  1.208226837336060E-004  9.686402010427794E-005  7.715266324974893E-005
  6.104810673507751E-005  4.798293967826377E-005  3.745891602057380E-005
  2.904269529965042E-005  2.236097644841287E-005  1.709521566110288E-005
  1.297613140039748E-005  9.778191707472737E-006  7.314241201077850E-006
  5.430390359477160E-006  4.001255581356225E-006  2.925608267151025E-006
  2.122464917668790E-006  1.527628426605869E-006  1.090673317748789E-006
  7.723544515270283E-007  5.424093366646487E-007  3.777181661182281E-007
  2.607825283096815E-007  1.784828831334577E-007  1.210758106460152E-007
  8.139425198108975E-008  5.421703691987661E-008  3.577756705873630E-008
  2.338530364660358E-008  1.513746879613217E-008  9.701944311675378E-009
  6.155634980296395E-009  3.865489719659077E-009  2.401917716713458E-009
  1.476498266324345E-009  8.976823736364038E-010  5.396536483969865E-010
  3.206947362682489E-010  1.883356105200345E-010  1.093302504751416E-010
  6.262814423174395E-011  3.529202026224424E-011  1.966209680277313E-011
  1.083864160239440E-011  5.912048621800603E-012  3.190726281932968E-012
  1.703686464865167E-012  8.999044302877640E-013  4.701830505345116E-013
  2.429730840254032E-013  1.241727386134624E-013  6.275192558336504E-014
  3.135565597697295E-014  1.548986429497355E-014  7.564436602087406E-015
  3.651377062752355E-015  1.741972383043193E-015  8.212647597972104E-016
  3.825910283602363E-016  1.760953338631220E-016  8.007070417906211E-017
  3.596357782117836E-017  1.595385814303950E-017  6.989268569840767E-018
  3.023499359427095E-018  1.291363566158463E-018  5.444967462199681E-019
  2.266192576002262E-019  9.308907427048290E-020  3.773570829226808E-020
  1.509830352549620E-020  5.988919612861239E-021  2.940027434178320E-021
  4.092430105022953E-009  2.752522831267044E-009  1.072344651468077E-007
  2.907321967303235E-007  4.220486283721325E-007  6.555986328166265E-007
  2.379783655310891E-006  4.748033061352325E-006  7.757748688764880E-006
  1.067379028406224E-005  1.401540975865110E-005  2.268001927584431E-005
  3.355232046745981E-005  4.763290499202957E-005  6.061479438536309E-005
  8.127350867441378E-005  1.032368283444188E-004  1.204442655687539E-004
  1.513931572589820E-004  1.951389021761891E-004  2.138130813083951E-004
  2.615644114472690E-004  2.988295650782812E-004  3.456300110147829E-004
  3.849823866350645E-004  4.554884535408814E-004  4.964860169195905E-004
  5.395785286706866E-004  5.817442085195979E-004  6.355026466963288E-004
  6.883986335407827E-004  7.192620187885553E-004  7.564614069935966E-004
  7.923636830432456E-004  8.276540629724917E-004  8.659998409129392E-004
  8.936081922644623E-004  9.028482099536220E-004  9.190834530679333E-004
  9.316051592170292E-004  9.363536101320320E-004  9.358062975571636E-004
  9.324189240370244E-004  9.340011318591385E-004  9.176289692267649E-004
  8.973900581421031E-004  8.775736084454326E-004  8.351535429246778E-004
  8.001969575930838E-004  7.634473706988882E-004  7.217321477120834E-004
  6.807139524418797E-004  6.387971067171671E-004  5.962542387796242E-004
  5.540845254970861E-004  5.123427659662048E-004  4.714209655876565E-004
  4.316436094727086E-004  3.932447109530361E-004  3.564551937842622E-004
  3.214545109631564E-004  2.883860304728271E-004  2.573562334477316E-004
  2.284362313031825E-004  2.016671290786689E-004  1.777650491297618E-004
  1.555361140519678E-004  1.339839908837281E-004  1.154917179145571E-004
  9.867712445495843E-005  8.397242917393465E-005  7.098171861893238E-005
  5.967473576090946E-005  4.985876859488139E-005  4.141043645281476E-005
  3.418127907542411E-005  2.803939702067114E-005  2.285538004863452E-005
  1.851072317607298E-005  1.489556816708977E-005  1.190858837975634E-005
  9.457950755947035E-006  7.461565046170699E-006  5.846822884467300E-006
  4.550165023385912E-006  3.516499741480933E-006  2.698536609310909E-006
  2.056067378281968E-006  1.555226481184897E-006  1.167755928158819E-006
  8.702947681594060E-007  6.437081727096101E-007  4.724667583919749E-007
  3.440827894819194E-007  2.486065325904646E-007  1.781832693844389E-007
  1.266693053725178E-007  8.930370365829709E-008  6.243136689313788E-008
  4.327242054687166E-008  2.973254253656319E-008  2.024886411301538E-008
  1.366626415660925E-008  9.139229668675713E-009  6.054903700791174E-009
  3.973442082776404E-009  2.582315489538325E-009  1.661696123192977E-009
  1.058539278657050E-009  6.673970499718771E-010  4.163779285948304E-010
  2.569900380221921E-010  1.568785281467939E-010  9.469274467487499E-011
  5.650108468733221E-011  3.331655106966778E-011  1.943139342033877E-011
  1.117948118282496E-011  6.311449169292853E-012  3.529269963067755E-012
  1.953349162657809E-012  1.069861260233634E-012  5.798008741752780E-013
  3.108790103900204E-013  1.649008947667397E-013  8.652295942984016E-014
  4.490282816087421E-014  2.304659553407671E-014  1.169733523033933E-014
  5.870431393324434E-015  2.912804956571823E-015  1.428782129230002E-015
  6.927687023173692E-016  3.319954210732021E-016  1.572356278691339E-016
  7.358644062382763E-017  3.402710771057078E-017  1.554478022315273E-017
  7.015002467659333E-018  3.126839601987176E-018  1.376474617771720E-018
  5.983638851143627E-019  2.568302980293436E-019  1.088326959884519E-019
  4.552527730944996E-020  1.879633197268733E-020  7.658990273190202E-021
  3.080077043732641E-021  1.225270616377974E-021  6.757801847417053E-022
  -7.00000000000000       -6.98386423307579       -6.96369452442052     
  -6.93545693230315       -6.89915145672366       -6.85477809768208     
  -6.80233685517838       -6.74182772921258       -6.67325071978467     
  -6.59660582689466       -6.51189305054253       -6.41911239072830     
  -6.31826384745197       -6.20934742071352       -6.09236311051297     
  -5.96731091685032       -5.83419083972555       -5.69300287913868     
  -5.54374703508971       -5.38642330757862       -5.22103169660543     
  -5.04757220217013       -4.86604482427273       -4.67644956291321     
  -4.47878641809160       -4.27305538980787       -4.05925647806204     
  -3.83738968285410       -3.60745500418405       -3.36945244205190     
  -3.12338199645764       -2.86924366740127       -2.60703745488280     
  -2.33676335890222       -2.05842137945953       -1.77201151655473     
  -1.47753377018783       -1.17498814035882      -0.864374627067707     
 -0.545693230314485      -0.218943950099157       0.115873213578281     
  0.458758260717823       0.809711191319473        1.16873200538323     
   1.53582070290909        1.91097728389706        2.29420174834714     
   2.68549409625932        3.08485432763362        3.49228244247002     
   3.90777844076852        4.33134232252913        4.76297408775185     
   5.20267373643667        5.65044126858361        6.10627668419265     
   6.57017998326379        7.04215116579705        7.52219023179241     
   8.01029718124988        8.50647201416945        9.01071473055113     
   9.52302533039492        10.0434038137008        10.5718501804688     
   11.1083644306989        11.6529465643911        12.2055965815455     
   12.7663144821619        13.3351002662404        13.9119539337811     
   14.4968754847838        15.0898649192487        15.6909222371756     
   16.3000474385647        16.9172405234159        17.5425014917292     
   18.1758303435046        18.8172270787421        19.4666916974417     
   20.1242241996034        20.7898245852272        21.4634928543131     
   22.1452290068612        22.8350330428713        23.5329049623435     
   24.2388447652779        24.9528524516744        25.6749280215329     
   26.4050714748536        27.1432828116364        27.8895620318813     
   28.6439091355883        29.4063241227574        30.1768069933886     
   30.9553577474819        31.7419763850373        32.5366629060548     
   33.3394173105345        34.1502395984762        34.9691297698801     
   35.7960878247460        36.6311137630741        37.4742075848642     
   38.3253692901165        39.1845988788309        40.0518963510074     
   40.9272617066460        41.8106949457467        42.7021960683095     
   43.6017650743344        44.5094019638215        45.4251067367706     
   46.3488793931818        47.2807199330552        48.2206283563906     
   49.1686046631882        50.1246488534479        51.0887609271696     
   52.0609408843535        53.0411887249995        54.0295044491076     
   55.0258880566778        56.0303395477101        57.0428589222045     
   58.0634461801611        59.0921013215797        60.1288243464604     
   61.1736152548033        62.2264740466082        63.2874007218753     
   64.3563952806044        65.4334577227957        66.5185880484491     
   67.6117862575645        68.7130523501421        69.8223863261818     
   70.9397881856836        72.0652579286476        73.1987955550736     
   74.3404010649617        75.4900744583119        76.6478157351243     
   77.8136248953987        78.9875019391353        80.1694468663339     
   81.3594596769947        82.5575403711176        83.7636889487026     
