  -10.3795269688347       -10.3795269688347       -10.3795269688348     
  -10.3795269688349       -10.3795269688349       -10.3733537454966     
  -10.3733537454965       -10.3733537454966       -10.3733537454967     
  -10.3733537454967       -10.3671731158553       -10.3671731158553     
  -10.3671731158553       -10.3671731158554       -10.3671731158555     
  -10.3609852442272       -10.3609852442272       -10.3609852442273     
  -10.3609852442273       -10.3609852442274       -10.3547902898197     
  -10.3547902898197       -10.3547902898198       -10.3547902898198     
  -10.3547902898199       -10.3485887994077       -10.3485887994077     
  -10.3485887994077       -10.3485887994078       -10.3485887994078     
  -10.3423811065310       -10.3423811065310       -10.3423811065310     
  -10.3423811065311       -10.3423811065311       -10.3361673253778     
  -10.3361673253778       -10.3361673253779       -10.3361673253779     
  -10.3361673253780       -10.3299477498008       -10.3299477498008     
  -10.3299477498009       -10.3299477498009       -10.3299477498009     
  -10.3237227227379       -10.3237227227379       -10.3237227227379     
  -10.3237227227380       -10.3237227227380       -10.3174924175064     
  -10.3174924175065       -10.3174924175065       -10.3174924175065     
  -10.3174924175065       -10.3112569841337       -10.3112569841337     
  -10.3112569841338       -10.3112569841338       -10.3112569841338     
  -10.3050166727768       -10.3050166727768       -10.3050166727768     
  -10.3050166727768       -10.3050166727768       -10.2987717043407     
  -10.2987717043407       -10.2987717043407       -10.2987717043407     
  -10.2987717043407       -10.2925222072880       -10.2925222072880     
  -10.2925222072880       -10.2925222072880       -10.2925222072880     
  -10.2889533231308       -10.2889533231307       -10.2889533231307     
  -10.2889533231307       -10.2889533231307       -10.2800102545739     
  -10.2800102545739       -10.2800102545739       -10.2800102545739     
  -10.2800102545739       -10.2737481522220       -10.2737481522220     
  -10.2737481522220       -10.2737481522220       -10.2737481522220     
  -10.2674820100618       -10.2674820100618       -10.2674820100618     
  -10.2674820100618       -10.2674820100618       -10.2612125730851     
  -10.2612125730851       -10.2612125730851       -10.2612125730851     
  -10.2612125730851       -10.2549388124442       -10.2549388124442     
  -10.2549388124442       -10.2549388124442       -10.2549388124442     
  -10.2486617922978       -10.2486617922978       -10.2486617922978     
  -10.2486617922978       -10.2486617922978       -10.2423812991969     
  -10.2423812991969       -10.2423812991969       -10.2423812991969     
  -10.2423812991969       -10.2360978156292       -10.2360978156292     
  -10.2360978156292       -10.2360978156292       -10.2360978156292     
  -10.2298105864241       -10.2298105864241       -10.2298105864240     
  -10.2298105864241       -10.2298105864241       -10.2235204676388     
  -10.2235204676388       -10.2235204676388       -10.2235204676388     
  -10.2235204676388       -10.2172272869531       -10.2172272869531     
  -10.2172272869531       -10.2172272869531       -10.2172272869531     
  -10.2109314541374       -10.2109314541374       -10.2109314541374     
  -10.2109314541374       -10.2109314541374       -10.2046323265901     
  -10.2046323265901       -10.2046323265901       -10.2046323265901     
  -10.2046323265901       -10.1983306360692       -10.1983306360691     
  -10.1983306360691       -10.1983306360691       -10.1983306360691     
  -10.1946142578099       -10.1946142578099       -10.1946142578099     
  -10.1946142578099       -10.1946142578099       -10.1857194264594     
  -10.1857194264594       -10.1857194264594       -10.1857194264594     
  -10.1857194264594       -10.1794097249046       -10.1794097249046     
  -10.1794097249046       -10.1794097249046       -10.1794097249046     
  -10.1730976795014       -10.1730976795014       -10.1730976795014     
  -10.1730976795014       -10.1730976795013       -10.1667836540954     
  -10.1667836540954       -10.1667836540954       -10.1667836540954     
  -10.1667836540954       -10.1604666777988       -10.1604666777987     
  -10.1604666777987       -10.1604666777987       -10.1604666777987     
  -10.1541473929094       -10.1541473929094       -10.1541473929094     
  -10.1541473929094       -10.1541473929094       -10.1478260295846     
  -10.1478260295846       -10.1478260295846       -10.1478260295846     
  -10.1478260295846       -10.1415028292820       -10.1415028292820     
  -10.1415028292820       -10.1415028292820       -10.1415028292820     
  -10.1351771435510       -10.1351771435510       -10.1351771435510     
  -10.1351771435510       -10.1351771435510       -10.1288492569741     
  -10.1288492569741       -10.1288492569741       -10.1288492569741     
  -10.1288492569741       -10.1225194495318       -10.1225194495318     
  -10.1225194495318       -10.1225194495318       -10.1225194495318     
  -10.1161879313632       -10.1161879313632       -10.1161879313632     
  -10.1161879313632       -10.1161879313632       -10.1098543220219     
  -10.1098543220219       -10.1098543220219       -10.1098543220219     
  -10.1098543220219       -10.1037642039963       -10.1037642039963     
  -10.1037642039963       -10.1037642039963       -10.1037642039963     
  -10.0971811706070       -10.0971811706070       -10.0971811706070     
  -10.0971811706070       -10.0971811706070       -10.0908420813012     
  -10.0908420813012       -10.0908420813012       -10.0908420813012     
  -10.0908420813012       -10.0845012089410       -10.0845012089410     
  -10.0845012089410       -10.0845012089409       -10.0845012089409     
  -10.0781584392798       -10.0781584392798       -10.0781584392798     
  -10.0781584392798       -10.0781584392798       -10.0718140093006     
  -10.0718140093006       -10.0718140093006       -10.0718140093006     
  -10.0718140093006       -10.0654679818122       -10.0654679818122     
  -10.0654679818122       -10.0654679818122       -10.0654679818122     
  -10.0589908548085       -10.0589908548085       -10.0589908548085     
  -10.0589908548085       -10.0589908548085       -10.0525119724802     
  -10.0525119724802       -10.0525119724802       -10.0525119724802     
  -10.0525119724802       -10.0460314330626       -10.0460314330626     
  -10.0460314330626       -10.0460314330626       -10.0460314330626     
  -10.0395493569108       -10.0395493569108       -10.0395493569108     
  -10.0395493569108       -10.0395493569108       -10.0330658162402     
  -10.0330658162402       -10.0330658162402       -10.0330658162402     
  -10.0330658162402       -10.0265807138019       -10.0265807138019     
  -10.0265807138018       -10.0265807138018       -10.0265807138018     
  -10.0200940653464       -10.0200940653464       -10.0200940653464     
  -10.0200940653463       -10.0200940653463       -10.0136059709019     
  -10.0136059709019       -10.0136059709019       -10.0136059709019     
  -10.0136059709019       -10.0071165116052       -10.0071165116052     
  -10.0071165116052       -10.0071165116052       -10.0071165116052     
  -10.0018614701657       -10.0018614701657       -10.0018614701657     
  -10.0018614701657       -10.0018614701657       -9.99413338731515     
  -9.99413338731515       -9.99413338731516       -9.99413338731517     
  -9.99413338731517       -9.98763975097167       -9.98763975097167     
  -9.98763975097166       -9.98763975097167       -9.98763975097166     
  -9.98114483107788       -9.98114483107788       -9.98114483107787     
  -9.98114483107788       -9.98114483107788       -9.97464850607790     
  -9.97464850607791       -9.97464850607792       -9.97464850607792     
  -9.97464850607791       -9.96815128605945       -9.96815128605945     
  -9.96815128605946       -9.96815128605946       -9.96815128605946     
  -9.96165241573908       -9.96165241573907       -9.96165241573908     
  -9.96165241573909       -9.96165241573908       -9.95515244774433     
  -9.95515244774432       -9.95515244774433       -9.95515244774434     
  -9.95515244774434       -9.94865124360975       -9.94865124360976     
  -9.94865124360977       -9.94865124360978       -9.94865124360978     
  -9.94214898024631       -9.94214898024633       -9.94214898024634     
  -9.94214898024635       -9.94214898024634       -9.93564555543440     
  -9.93564555543441       -9.93564555543442       -9.93564555543443     
  -9.93564555543442       -9.92914085426714       -9.92914085426713     
  -9.92914085426713       -9.92914085426714       -9.92914085426716     
  -9.92263508255931       -9.92263508255931       -9.92263508255930     
  -9.92263508255932       -9.92263508255933       -9.91612824659955     
  -9.91612824659955       -9.91612824659955       -9.91612824659956     
  -9.91612824659956       -9.90962039185773       -9.90962039185774     
  -9.90962039185773       -9.90962039185773       -9.90962039185773     
  -9.90311141928109       -9.90311141928108       -9.90311141928108     
  -9.90311141928108       -9.90311141928108       -9.89660135099470     
  -9.89660135099470       -9.89660135099470       -9.89660135099471     
  -9.89660135099470       -9.89009029687145       -9.89009029687145     
  -9.89009029687146       -9.89009029687148       -9.89009029687149     
  -9.88357827725032       -9.88357827725032       -9.88357827725032     
  -9.88357827725033       -9.88357827725033       -9.87706527907042     
  -9.87706527907041       -9.87706527907040       -9.87706527907040     
  -9.87706527907039       -9.87263664709621       -9.87263664709621     
  -9.87263664709621       -9.87263664709620       -9.87263664709618     
  -9.86403625878194       -9.86403625878194       -9.86403625878194     
  -9.86403625878195       -9.86403625878194       -9.85752035692669     
  -9.85752035692668       -9.85752035692667       -9.85752035692668     
  -9.85752035692668       -9.85100355687738       -9.85100355687738     
  -9.85100355687737       -9.85100355687737       -9.85100355687737     
  -9.84448556540068       -9.84448556540067       -9.84448556540066     
  -9.84448556540065       -9.84448556540064       -9.83796735790294     
  -9.83796735790293       -9.83796735790291       -9.83796735790290     
  -9.83796735790290       -9.83144764614036       -9.83144764614035     
  -9.83144764614035       -9.83144764614035       -9.83144764614035     
  -9.82492727512505       -9.82492727512505       -9.82492727512505     
  -9.82492727512505       -9.82492727512505       -9.81840597871804     
  -9.81840597871805       -9.81840597871805       -9.81840597871804     
  -9.81840597871803       -9.81188387811840       -9.81188387811839     
  -9.81188387811839       -9.81188387811841       -9.81188387811842     
  -9.80536118692010       -9.80536118692009       -9.80536118692011     
  -9.80536118692012       -9.80536118692011       -9.79883734995276     
  -9.79883734995276       -9.79883734995277       -9.79883734995278     
  -9.79883734995277       -9.79231282313782       -9.79231282313782     
  -9.79231282313783       -9.79231282313783       -9.79231282313782     
  -9.78578747105737       -9.78578747105736       -9.78578747105735     
  -9.78578747105735       -9.78578747105735       -9.77926143122940     
  -9.77926143122939       -9.77926143122939       -9.77926143122939     
  -9.77926143122939       -9.77273468996035       -9.77273468996034     
  -9.77273468996032       -9.77273468996031       -9.77273468996031     
  -9.76620700561379       -9.76620700561378       -9.76620700561376     
  -9.76620700561375       -9.76620700561374       -9.75967864365543     
  -9.75967864365542       -9.75967864365542       -9.75967864365543     
  -9.75967864365543       -9.75314954911166       -9.75314954911166     
  -9.75314954911166       -9.75314954911167       -9.75314954911166     
  -9.74661981074559       -9.74661981074559       -9.74661981074558     
  -9.74661981074557       -9.74661981074556       -10.3795269688348     
  -10.3795269688348       -10.3795269688348       -10.3795269688349     
  -10.3795269688350       -10.3733537454966       -10.3733537454966     
  -10.3733537454967       -10.3733537454967       -10.3733537454968     
  -10.3671731158553       -10.3671731158553       -10.3671731158554     
  -10.3671731158554       -10.3671731158555       -10.3609852442273     
  -10.3609852442273       -10.3609852442273       -10.3609852442273     
  -10.3609852442274       -10.3547902898197       -10.3547902898197     
  -10.3547902898198       -10.3547902898198       -10.3547902898199     
  -10.3485887994077       -10.3485887994077       -10.3485887994077     
  -10.3485887994078       -10.3485887994078       -10.3423811065310     
  -10.3423811065310       -10.3423811065310       -10.3423811065311     
  -10.3423811065311       -10.3361673253778       -10.3361673253778     
  -10.3361673253779       -10.3361673253779       -10.3361673253779     
  -10.3299477498008       -10.3299477498008       -10.3299477498008     
  -10.3299477498009       -10.3299477498009       -10.3237227227379     
  -10.3237227227379       -10.3237227227379       -10.3237227227379     
  -10.3237227227380       -10.3174924175065       -10.3174924175065     
  -10.3174924175065       -10.3174924175065       -10.3174924175065     
  -10.3112569841338       -10.3112569841338       -10.3112569841338     
  -10.3112569841338       -10.3112569841338       -10.3050166727768     
  -10.3050166727768       -10.3050166727768       -10.3050166727768     
  -10.3050166727768       -10.2987717043407       -10.2987717043407     
  -10.2987717043407       -10.2987717043407       -10.2987717043407     
  -10.2925222072880       -10.2925222072880       -10.2925222072880     
  -10.2925222072880       -10.2925222072880       -10.2889533231308     
  -10.2889533231308       -10.2889533231308       -10.2889533231308     
  -10.2889533231308       -10.2800102545739       -10.2800102545739     
  -10.2800102545739       -10.2800102545739       -10.2800102545739     
  -10.2737481522220       -10.2737481522220       -10.2737481522220     
  -10.2737481522220       -10.2737481522220       -10.2674820100618     
  -10.2674820100618       -10.2674820100618       -10.2674820100618     
  -10.2674820100618       -10.2612125730851       -10.2612125730851     
  -10.2612125730851       -10.2612125730851       -10.2612125730851     
  -10.2549388124443       -10.2549388124443       -10.2549388124443     
  -10.2549388124443       -10.2549388124442       -10.2486617922977     
  -10.2486617922977       -10.2486617922977       -10.2486617922978     
  -10.2486617922978       -10.2423812991968       -10.2423812991968     
  -10.2423812991968       -10.2423812991968       -10.2423812991968     
  -10.2360978156292       -10.2360978156292       -10.2360978156292     
  -10.2360978156292       -10.2360978156292       -10.2298105864241     
  -10.2298105864241       -10.2298105864241       -10.2298105864241     
  -10.2298105864241       -10.2235204676388       -10.2235204676388     
  -10.2235204676388       -10.2235204676388       -10.2235204676388     
  -10.2172272869531       -10.2172272869531       -10.2172272869531     
  -10.2172272869531       -10.2172272869531       -10.2109314541374     
  -10.2109314541374       -10.2109314541374       -10.2109314541374     
  -10.2109314541374       -10.2046323265901       -10.2046323265901     
  -10.2046323265900       -10.2046323265900       -10.2046323265900     
  -10.1983306360691       -10.1983306360691       -10.1983306360691     
  -10.1983306360691       -10.1983306360691       -10.1946142578099     
  -10.1946142578099       -10.1946142578098       -10.1946142578098     
  -10.1946142578098       -10.1857194264594       -10.1857194264594     
  -10.1857194264594       -10.1857194264594       -10.1857194264594     
  -10.1794097249045       -10.1794097249045       -10.1794097249045     
  -10.1794097249045       -10.1794097249045       -10.1730976795013     
  -10.1730976795013       -10.1730976795013       -10.1730976795013     
  -10.1730976795013       -10.1667836540954       -10.1667836540954     
  -10.1667836540954       -10.1667836540954       -10.1667836540954     
  -10.1604666777988       -10.1604666777987       -10.1604666777987     
  -10.1604666777987       -10.1604666777987       -10.1541473929095     
  -10.1541473929095       -10.1541473929095       -10.1541473929095     
  -10.1541473929095       -10.1478260295846       -10.1478260295846     
  -10.1478260295846       -10.1478260295846       -10.1478260295845     
  -10.1415028292821       -10.1415028292821       -10.1415028292821     
  -10.1415028292821       -10.1415028292821       -10.1351771435510     
  -10.1351771435510       -10.1351771435510       -10.1351771435510     
  -10.1351771435510       -10.1288492569741       -10.1288492569741     
  -10.1288492569741       -10.1288492569741       -10.1288492569741     
  -10.1225194495318       -10.1225194495318       -10.1225194495318     
  -10.1225194495318       -10.1225194495318       -10.1161879313632     
  -10.1161879313632       -10.1161879313632       -10.1161879313632     
  -10.1161879313632       -10.1098543220219       -10.1098543220219     
  -10.1098543220219       -10.1098543220219       -10.1098543220219     
  -10.1037642039964       -10.1037642039964       -10.1037642039964     
  -10.1037642039964       -10.1037642039964       -10.0971811706070     
  -10.0971811706070       -10.0971811706070       -10.0971811706070     
  -10.0971811706070       -10.0908420813012       -10.0908420813012     
  -10.0908420813012       -10.0908420813012       -10.0908420813012     
  -10.0845012089410       -10.0845012089410       -10.0845012089410     
  -10.0845012089410       -10.0845012089409       -10.0781584392798     
  -10.0781584392798       -10.0781584392799       -10.0781584392799     
  -10.0781584392798       -10.0718140093006       -10.0718140093006     
  -10.0718140093006       -10.0718140093006       -10.0718140093006     
  -10.0654679818123       -10.0654679818123       -10.0654679818123     
  -10.0654679818123       -10.0654679818123       -10.0589908548085     
  -10.0589908548085       -10.0589908548085       -10.0589908548085     
  -10.0589908548085       -10.0525119724802       -10.0525119724802     
  -10.0525119724802       -10.0525119724802       -10.0525119724802     
  -10.0460314330626       -10.0460314330626       -10.0460314330626     
  -10.0460314330626       -10.0460314330626       -10.0395493569108     
  -10.0395493569108       -10.0395493569108       -10.0395493569108     
  -10.0395493569108       -10.0330658162402       -10.0330658162402     
  -10.0330658162402       -10.0330658162402       -10.0330658162402     
  -10.0265807138018       -10.0265807138018       -10.0265807138018     
  -10.0265807138018       -10.0265807138018       -10.0200940653463     
  -10.0200940653463       -10.0200940653463       -10.0200940653463     
  -10.0200940653463       -10.0136059709019       -10.0136059709019     
  -10.0136059709019       -10.0136059709019       -10.0136059709019     
  -10.0071165116051       -10.0071165116051       -10.0071165116051     
  -10.0071165116052       -10.0071165116052       -10.0018614701656     
  -10.0018614701656       -10.0018614701656       -10.0018614701657     
  -10.0018614701657       -9.99413338731515       -9.99413338731516     
  -9.99413338731516       -9.99413338731518       -9.99413338731517     
  -9.98763975097167       -9.98763975097166       -9.98763975097166     
  -9.98763975097166       -9.98763975097166       -9.98114483107787     
  -9.98114483107786       -9.98114483107786       -9.98114483107786     
  -9.98114483107786       -9.97464850607788       -9.97464850607789     
  -9.97464850607790       -9.97464850607791       -9.97464850607789     
  -9.96815128605946       -9.96815128605946       -9.96815128605946     
  -9.96815128605947       -9.96815128605946       -9.96165241573912     
  -9.96165241573912       -9.96165241573912       -9.96165241573914     
  -9.96165241573913       -9.95515244774437       -9.95515244774437     
  -9.95515244774437       -9.95515244774438       -9.95515244774439     
  -9.94865124360974       -9.94865124360974       -9.94865124360975     
  -9.94865124360976       -9.94865124360977       -9.94214898024628     
  -9.94214898024630       -9.94214898024631       -9.94214898024632     
  -9.94214898024631       -9.93564555543439       -9.93564555543440     
  -9.93564555543441       -9.93564555543441       -9.93564555543441     
  -9.92914085426714       -9.92914085426713       -9.92914085426713     
  -9.92914085426714       -9.92914085426716       -9.92263508255933     
  -9.92263508255932       -9.92263508255932       -9.92263508255934     
  -9.92263508255935       -9.91612824659953       -9.91612824659953     
  -9.91612824659953       -9.91612824659954       -9.91612824659954     
  -9.90962039185771       -9.90962039185772       -9.90962039185772     
  -9.90962039185772       -9.90962039185771       -9.90311141928113     
  -9.90311141928112       -9.90311141928112       -9.90311141928112     
  -9.90311141928112       -9.89660135099477       -9.89660135099476     
  -9.89660135099477       -9.89660135099478       -9.89660135099477     
  -9.89009029687146       -9.89009029687146       -9.89009029687147     
  -9.89009029687148       -9.89009029687149       -9.88357827725031     
  -9.88357827725030       -9.88357827725030       -9.88357827725031     
  -9.88357827725032       -9.87706527907043       -9.87706527907042     
  -9.87706527907041       -9.87706527907041       -9.87706527907040     
  -9.87263664709624       -9.87263664709624       -9.87263664709624     
  -9.87263664709622       -9.87263664709621       -9.86403625878192     
  -9.86403625878193       -9.86403625878193       -9.86403625878194     
  -9.86403625878193       -9.85752035692668       -9.85752035692667     
  -9.85752035692666       -9.85752035692667       -9.85752035692667     
  -9.85100355687740       -9.85100355687740       -9.85100355687739     
  -9.85100355687739       -9.85100355687739       -9.84448556540068     
  -9.84448556540067       -9.84448556540066       -9.84448556540065     
  -9.84448556540064       -9.83796735790294       -9.83796735790293     
  -9.83796735790291       -9.83796735790290       -9.83796735790290     
  -9.83144764614037       -9.83144764614037       -9.83144764614036     
  -9.83144764614036       -9.83144764614036       -9.82492727512505     
  -9.82492727512505       -9.82492727512505       -9.82492727512505     
  -9.82492727512505       -9.81840597871800       -9.81840597871801     
  -9.81840597871801       -9.81840597871800       -9.81840597871799     
  -9.81188387811842       -9.81188387811842       -9.81188387811842     
  -9.81188387811843       -9.81188387811843       -9.80536118692016     
  -9.80536118692016       -9.80536118692017       -9.80536118692018     
  -9.80536118692018       -9.79883734995281       -9.79883734995280     
  -9.79883734995281       -9.79883734995282       -9.79883734995282     
  -9.79231282313782       -9.79231282313782       -9.79231282313783     
  -9.79231282313783       -9.79231282313782       -9.78578747105737     
  -9.78578747105736       -9.78578747105735       -9.78578747105735     
  -9.78578747105735       -9.77926143122940       -9.77926143122939     
  -9.77926143122939       -9.77926143122939       -9.77926143122939     
  -9.77273468996034       -9.77273468996033       -9.77273468996031     
  -9.77273468996031       -9.77273468996030       -9.76620700561377     
  -9.76620700561376       -9.76620700561375       -9.76620700561373     
  -9.76620700561372       -9.75967864365545       -9.75967864365544     
  -9.75967864365544       -9.75967864365545       -9.75967864365545     
  -9.75314954911165       -9.75314954911165       -9.75314954911165     
  -9.75314954911166       -9.75314954911165       -9.74661981074557     
  -9.74661981074556       -9.74661981074555       -9.74661981074555     
  -9.74661981074553       -10.3795269688348       -10.3795269688348     
  -10.3795269688348       -10.3795269688349       -10.3795269688350     
  -10.3733537454966       -10.3733537454966       -10.3733537454966     
  -10.3733537454967       -10.3733537454968       -10.3671731158553     
  -10.3671731158553       -10.3671731158553       -10.3671731158554     
  -10.3671731158555       -10.3609852442272       -10.3609852442272     
  -10.3609852442273       -10.3609852442273       -10.3609852442274     
  -10.3547902898197       -10.3547902898197       -10.3547902898197     
  -10.3547902898198       -10.3547902898198       -10.3485887994077     
  -10.3485887994077       -10.3485887994077       -10.3485887994078     
  -10.3485887994078       -10.3423811065309       -10.3423811065310     
  -10.3423811065310       -10.3423811065310       -10.3423811065311     
  -10.3361673253777       -10.3361673253778       -10.3361673253778     
  -10.3361673253778       -10.3361673253779       -10.3299477498007     
  -10.3299477498007       -10.3299477498008       -10.3299477498008     
  -10.3299477498008       -10.3237227227378       -10.3237227227378     
  -10.3237227227378       -10.3237227227379       -10.3237227227379     
  -10.3174924175064       -10.3174924175064       -10.3174924175064     
  -10.3174924175065       -10.3174924175065       -10.3112569841337     
  -10.3112569841337       -10.3112569841338       -10.3112569841338     
  -10.3112569841338       -10.3050166727768       -10.3050166727768     
  -10.3050166727768       -10.3050166727768       -10.3050166727768     
  -10.2987717043407       -10.2987717043407       -10.2987717043407     
  -10.2987717043407       -10.2987717043407       -10.2925222072880     
  -10.2925222072880       -10.2925222072880       -10.2925222072880     
  -10.2925222072880       -10.2889533231308       -10.2889533231308     
  -10.2889533231308       -10.2889533231308       -10.2889533231308     
  -10.2800102545739       -10.2800102545739       -10.2800102545739     
  -10.2800102545739       -10.2800102545739       -10.2737481522220     
  -10.2737481522220       -10.2737481522220       -10.2737481522220     
  -10.2737481522220       -10.2674820100619       -10.2674820100619     
  -10.2674820100618       -10.2674820100619       -10.2674820100619     
  -10.2612125730851       -10.2612125730851       -10.2612125730851     
  -10.2612125730851       -10.2612125730851       -10.2549388124443     
  -10.2549388124443       -10.2549388124443       -10.2549388124443     
  -10.2549388124442       -10.2486617922978       -10.2486617922978     
  -10.2486617922978       -10.2486617922978       -10.2486617922978     
  -10.2423812991969       -10.2423812991969       -10.2423812991969     
  -10.2423812991969       -10.2423812991969       -10.2360978156292     
  -10.2360978156292       -10.2360978156292       -10.2360978156292     
  -10.2360978156292       -10.2298105864241       -10.2298105864241     
  -10.2298105864241       -10.2298105864241       -10.2298105864241     
  -10.2235204676388       -10.2235204676388       -10.2235204676388     
  -10.2235204676388       -10.2235204676388       -10.2172272869531     
  -10.2172272869531       -10.2172272869531       -10.2172272869531     
  -10.2172272869531       -10.2109314541374       -10.2109314541374     
  -10.2109314541374       -10.2109314541374       -10.2109314541374     
  -10.2046323265902       -10.2046323265901       -10.2046323265901     
  -10.2046323265901       -10.2046323265901       -10.1983306360692     
  -10.1983306360692       -10.1983306360692       -10.1983306360692     
  -10.1983306360692       -10.1946142578099       -10.1946142578099     
  -10.1946142578099       -10.1946142578099       -10.1946142578099     
  -10.1857194264594       -10.1857194264594       -10.1857194264594     
  -10.1857194264594       -10.1857194264594       -10.1794097249046     
  -10.1794097249046       -10.1794097249046       -10.1794097249046     
  -10.1794097249046       -10.1730976795014       -10.1730976795014     
  -10.1730976795014       -10.1730976795014       -10.1730976795013     
  -10.1667836540954       -10.1667836540954       -10.1667836540954     
  -10.1667836540954       -10.1667836540954       -10.1604666777988     
  -10.1604666777988       -10.1604666777988       -10.1604666777988     
  -10.1604666777988       -10.1541473929094       -10.1541473929094     
  -10.1541473929094       -10.1541473929094       -10.1541473929094     
  -10.1478260295846       -10.1478260295846       -10.1478260295846     
  -10.1478260295846       -10.1478260295846       -10.1415028292820     
  -10.1415028292820       -10.1415028292820       -10.1415028292820     
  -10.1415028292820       -10.1351771435510       -10.1351771435510     
  -10.1351771435510       -10.1351771435510       -10.1351771435510     
  -10.1288492569741       -10.1288492569741       -10.1288492569741     
  -10.1288492569741       -10.1288492569741       -10.1225194495317     
  -10.1225194495318       -10.1225194495318       -10.1225194495318     
  -10.1225194495318       -10.1161879313631       -10.1161879313632     
  -10.1161879313632       -10.1161879313632       -10.1161879313632     
  -10.1098543220219       -10.1098543220219       -10.1098543220219     
  -10.1098543220219       -10.1098543220219       -10.1037642039964     
  -10.1037642039963       -10.1037642039964       -10.1037642039964     
  -10.1037642039964       -10.0971811706070       -10.0971811706070     
  -10.0971811706070       -10.0971811706070       -10.0971811706070     
  -10.0908420813012       -10.0908420813012       -10.0908420813012     
  -10.0908420813012       -10.0908420813012       -10.0845012089410     
  -10.0845012089410       -10.0845012089410       -10.0845012089409     
  -10.0845012089409       -10.0781584392798       -10.0781584392798     
  -10.0781584392798       -10.0781584392798       -10.0781584392798     
  -10.0718140093006       -10.0718140093006       -10.0718140093006     
  -10.0718140093006       -10.0718140093006       -10.0654679818123     
  -10.0654679818123       -10.0654679818123       -10.0654679818123     
  -10.0654679818123       -10.0589908548085       -10.0589908548085     
  -10.0589908548085       -10.0589908548085       -10.0589908548085     
  -10.0525119724802       -10.0525119724802       -10.0525119724802     
  -10.0525119724802       -10.0525119724802       -10.0460314330626     
  -10.0460314330626       -10.0460314330626       -10.0460314330626     
  -10.0460314330626       -10.0395493569108       -10.0395493569108     
  -10.0395493569108       -10.0395493569108       -10.0395493569108     
  -10.0330658162402       -10.0330658162402       -10.0330658162402     
  -10.0330658162402       -10.0330658162402       -10.0265807138019     
  -10.0265807138019       -10.0265807138019       -10.0265807138019     
  -10.0265807138019       -10.0200940653463       -10.0200940653463     
  -10.0200940653463       -10.0200940653463       -10.0200940653463     
  -10.0136059709019       -10.0136059709019       -10.0136059709019     
  -10.0136059709019       -10.0136059709019       -10.0071165116052     
  -10.0071165116052       -10.0071165116052       -10.0071165116052     
  -10.0071165116052       -10.0018614701657       -10.0018614701657     
  -10.0018614701657       -10.0018614701657       -10.0018614701657     
  -9.99413338731513       -9.99413338731514       -9.99413338731515     
  -9.99413338731515       -9.99413338731515       -9.98763975097167     
  -9.98763975097167       -9.98763975097167       -9.98763975097167     
  -9.98763975097167       -9.98114483107789       -9.98114483107789     
  -9.98114483107789       -9.98114483107789       -9.98114483107789     
  -9.97464850607788       -9.97464850607789       -9.97464850607790     
  -9.97464850607791       -9.97464850607789       -9.96815128605944     
  -9.96815128605944       -9.96815128605945       -9.96815128605945     
  -9.96815128605944       -9.96165241573909       -9.96165241573909     
  -9.96165241573909       -9.96165241573911       -9.96165241573910     
  -9.95515244774436       -9.95515244774435       -9.95515244774435     
  -9.95515244774437       -9.95515244774437       -9.94865124360974     
  -9.94865124360974       -9.94865124360975       -9.94865124360976     
  -9.94865124360977       -9.94214898024625       -9.94214898024627     
  -9.94214898024628       -9.94214898024629       -9.94214898024628     
  -9.93564555543437       -9.93564555543438       -9.93564555543439     
  -9.93564555543440       -9.93564555543439       -9.92914085426715     
  -9.92914085426715       -9.92914085426715       -9.92914085426716     
  -9.92914085426717       -9.92263508255934       -9.92263508255934     
  -9.92263508255934       -9.92263508255935       -9.92263508255936     
  -9.91612824659955       -9.91612824659955       -9.91612824659955     
  -9.91612824659956       -9.91612824659956       -9.90962039185773     
  -9.90962039185773       -9.90962039185773       -9.90962039185773     
  -9.90962039185773       -9.90311141928112       -9.90311141928111     
  -9.90311141928111       -9.90311141928111       -9.90311141928111     
  -9.89660135099472       -9.89660135099471       -9.89660135099472     
  -9.89660135099473       -9.89660135099472       -9.89009029687145     
  -9.89009029687145       -9.89009029687146       -9.89009029687148     
  -9.89009029687149       -9.88357827725034       -9.88357827725033     
  -9.88357827725033       -9.88357827725034       -9.88357827725035     
  -9.87706527907043       -9.87706527907042       -9.87706527907042     
  -9.87706527907042       -9.87706527907041       -9.87263664709621     
  -9.87263664709621       -9.87263664709621       -9.87263664709619     
  -9.87263664709618       -9.86403625878193       -9.86403625878193     
  -9.86403625878193       -9.86403625878194       -9.86403625878194     
  -9.85752035692672       -9.85752035692671       -9.85752035692670     
  -9.85752035692671       -9.85752035692671       -9.85100355687739     
  -9.85100355687739       -9.85100355687738       -9.85100355687738     
  -9.85100355687738       -9.84448556540068       -9.84448556540067     
  -9.84448556540066       -9.84448556540065       -9.84448556540064     
  -9.83796735790297       -9.83796735790296       -9.83796735790294     
  -9.83796735790293       -9.83796735790293       -9.83144764614039     
  -9.83144764614039       -9.83144764614038       -9.83144764614038     
  -9.83144764614038       -9.82492727512505       -9.82492727512505     
  -9.82492727512505       -9.82492727512505       -9.82492727512505     
  -9.81840597871801       -9.81840597871802       -9.81840597871802     
  -9.81840597871801       -9.81840597871800       -9.81188387811842     
  -9.81188387811842       -9.81188387811842       -9.81188387811843     
  -9.81188387811844       -9.80536118692011       -9.80536118692010     
  -9.80536118692012       -9.80536118692013       -9.80536118692012     
  -9.79883734995277       -9.79883734995277       -9.79883734995278     
  -9.79883734995279       -9.79883734995279       -9.79231282313781     
  -9.79231282313781       -9.79231282313781       -9.79231282313781     
  -9.79231282313781       -9.78578747105739       -9.78578747105738     
  -9.78578747105737       -9.78578747105737       -9.78578747105737     
  -9.77926143122941       -9.77926143122940       -9.77926143122940     
  -9.77926143122940       -9.77926143122940       -9.77273468996038     
  -9.77273468996037       -9.77273468996036       -9.77273468996035     
  -9.77273468996034       -9.76620700561382       -9.76620700561381     
  -9.76620700561379       -9.76620700561378       -9.76620700561377     
  -9.75967864365545       -9.75967864365544       -9.75967864365544     
  -9.75967864365545       -9.75967864365545       -9.75314954911167     
  -9.75314954911167       -9.75314954911167       -9.75314954911167     
  -9.75314954911167       -9.74661981074560       -9.74661981074560     
  -9.74661981074559       -9.74661981074559       -9.74661981074557     
  -10.3795269688345       -10.3795269688345       -10.3795269688346     
  -10.3795269688347       -10.3795269688348       -10.3733537454964     
  -10.3733537454964       -10.3733537454964       -10.3733537454965     
  -10.3733537454966       -10.3671731158551       -10.3671731158551     
  -10.3671731158552       -10.3671731158552       -10.3671731158553     
  -10.3609852442271       -10.3609852442271       -10.3609852442271     
  -10.3609852442272       -10.3609852442273       -10.3547902898196     
  -10.3547902898196       -10.3547902898197       -10.3547902898197     
  -10.3547902898197       -10.3485887994076       -10.3485887994076     
  -10.3485887994076       -10.3485887994077       -10.3485887994077     
  -10.3423811065308       -10.3423811065309       -10.3423811065309     
  -10.3423811065309       -10.3423811065310       -10.3361673253777     
  -10.3361673253777       -10.3361673253777       -10.3361673253778     
  -10.3361673253778       -10.3299477498007       -10.3299477498007     
  -10.3299477498007       -10.3299477498008       -10.3299477498008     
  -10.3237227227378       -10.3237227227378       -10.3237227227378     
  -10.3237227227379       -10.3237227227379       -10.3174924175064     
  -10.3174924175064       -10.3174924175064       -10.3174924175064     
  -10.3174924175065       -10.3112569841337       -10.3112569841337     
  -10.3112569841337       -10.3112569841337       -10.3112569841337     
  -10.3050166727768       -10.3050166727768       -10.3050166727768     
  -10.3050166727768       -10.3050166727768       -10.2987717043407     
  -10.2987717043407       -10.2987717043407       -10.2987717043407     
  -10.2987717043407       -10.2925222072880       -10.2925222072880     
  -10.2925222072880       -10.2925222072880       -10.2925222072880     
  -10.2889533231308       -10.2889533231308       -10.2889533231308     
  -10.2889533231308       -10.2889533231308       -10.2800102545739     
  -10.2800102545739       -10.2800102545739       -10.2800102545739     
  -10.2800102545739       -10.2737481522220       -10.2737481522220     
  -10.2737481522220       -10.2737481522220       -10.2737481522220     
  -10.2674820100618       -10.2674820100618       -10.2674820100618     
  -10.2674820100618       -10.2674820100618       -10.2612125730851     
  -10.2612125730851       -10.2612125730851       -10.2612125730851     
  -10.2612125730851       -10.2549388124443       -10.2549388124442     
  -10.2549388124442       -10.2549388124442       -10.2549388124442     
  -10.2486617922977       -10.2486617922977       -10.2486617922977     
  -10.2486617922977       -10.2486617922977       -10.2423812991968     
  -10.2423812991968       -10.2423812991968       -10.2423812991968     
  -10.2423812991968       -10.2360978156292       -10.2360978156292     
  -10.2360978156292       -10.2360978156292       -10.2360978156292     
  -10.2298105864241       -10.2298105864241       -10.2298105864241     
  -10.2298105864241       -10.2298105864241       -10.2235204676388     
  -10.2235204676388       -10.2235204676388       -10.2235204676388     
  -10.2235204676388       -10.2172272869531       -10.2172272869531     
  -10.2172272869531       -10.2172272869531       -10.2172272869531     
  -10.2109314541374       -10.2109314541374       -10.2109314541374     
  -10.2109314541374       -10.2109314541374       -10.2046323265902     
  -10.2046323265902       -10.2046323265901       -10.2046323265901     
  -10.2046323265901       -10.1983306360692       -10.1983306360692     
  -10.1983306360691       -10.1983306360691       -10.1983306360691     
  -10.1946142578099       -10.1946142578099       -10.1946142578099     
  -10.1946142578099       -10.1946142578099       -10.1857194264594     
  -10.1857194264594       -10.1857194264594       -10.1857194264594     
  -10.1857194264594       -10.1794097249045       -10.1794097249045     
  -10.1794097249045       -10.1794097249045       -10.1794097249045     
  -10.1730976795014       -10.1730976795014       -10.1730976795014     
  -10.1730976795014       -10.1730976795014       -10.1667836540954     
  -10.1667836540954       -10.1667836540954       -10.1667836540954     
  -10.1667836540954       -10.1604666777988       -10.1604666777988     
  -10.1604666777988       -10.1604666777988       -10.1604666777988     
  -10.1541473929094       -10.1541473929094       -10.1541473929094     
  -10.1541473929094       -10.1541473929094       -10.1478260295846     
  -10.1478260295846       -10.1478260295846       -10.1478260295846     
  -10.1478260295846       -10.1415028292821       -10.1415028292821     
  -10.1415028292821       -10.1415028292821       -10.1415028292821     
  -10.1351771435511       -10.1351771435510       -10.1351771435510     
  -10.1351771435510       -10.1351771435510       -10.1288492569741     
  -10.1288492569741       -10.1288492569741       -10.1288492569741     
  -10.1288492569741       -10.1225194495317       -10.1225194495318     
  -10.1225194495318       -10.1225194495318       -10.1225194495318     
  -10.1161879313631       -10.1161879313631       -10.1161879313631     
  -10.1161879313631       -10.1161879313631       -10.1098543220219     
  -10.1098543220219       -10.1098543220219       -10.1098543220219     
  -10.1098543220219       -10.1037642039964       -10.1037642039963     
  -10.1037642039964       -10.1037642039964       -10.1037642039964     
  -10.0971811706070       -10.0971811706070       -10.0971811706070     
  -10.0971811706070       -10.0971811706070       -10.0908420813012     
  -10.0908420813012       -10.0908420813012       -10.0908420813012     
  -10.0908420813012       -10.0845012089410       -10.0845012089410     
  -10.0845012089410       -10.0845012089410       -10.0845012089410     
  -10.0781584392798       -10.0781584392798       -10.0781584392798     
  -10.0781584392798       -10.0781584392798       -10.0718140093006     
  -10.0718140093006       -10.0718140093006       -10.0718140093006     
  -10.0718140093006       -10.0654679818123       -10.0654679818122     
  -10.0654679818123       -10.0654679818123       -10.0654679818123     
  -10.0589908548085       -10.0589908548085       -10.0589908548085     
  -10.0589908548085       -10.0589908548085       -10.0525119724803     
  -10.0525119724802       -10.0525119724802       -10.0525119724802     
  -10.0525119724802       -10.0460314330626       -10.0460314330626     
  -10.0460314330626       -10.0460314330626       -10.0460314330626     
  -10.0395493569108       -10.0395493569108       -10.0395493569108     
  -10.0395493569108       -10.0395493569108       -10.0330658162402     
  -10.0330658162402       -10.0330658162402       -10.0330658162402     
  -10.0330658162402       -10.0265807138019       -10.0265807138019     
  -10.0265807138019       -10.0265807138018       -10.0265807138018     
  -10.0200940653464       -10.0200940653464       -10.0200940653464     
  -10.0200940653463       -10.0200940653463       -10.0136059709019     
  -10.0136059709019       -10.0136059709019       -10.0136059709019     
  -10.0136059709019       -10.0071165116051       -10.0071165116051     
  -10.0071165116051       -10.0071165116051       -10.0071165116051     
  -10.0018614701656       -10.0018614701656       -10.0018614701656     
  -10.0018614701656       -10.0018614701657       -9.99413338731512     
  -9.99413338731513       -9.99413338731513       -9.99413338731514     
  -9.99413338731514       -9.98763975097167       -9.98763975097167     
  -9.98763975097167       -9.98763975097167       -9.98763975097167     
  -9.98114483107788       -9.98114483107788       -9.98114483107787     
  -9.98114483107787       -9.98114483107787       -9.97464850607785     
  -9.97464850607786       -9.97464850607787       -9.97464850607787     
  -9.97464850607786       -9.96815128605943       -9.96815128605943     
  -9.96815128605944       -9.96815128605944       -9.96815128605943     
  -9.96165241573908       -9.96165241573907       -9.96165241573908     
  -9.96165241573909       -9.96165241573908       -9.95515244774433     
  -9.95515244774432       -9.95515244774433       -9.95515244774434     
  -9.95515244774434       -9.94865124360971       -9.94865124360972     
  -9.94865124360972       -9.94865124360973       -9.94865124360974     
  -9.94214898024623       -9.94214898024625       -9.94214898024627     
  -9.94214898024628       -9.94214898024627       -9.93564555543436     
  -9.93564555543437       -9.93564555543437       -9.93564555543438     
  -9.93564555543437       -9.92914085426712       -9.92914085426712     
  -9.92914085426712       -9.92914085426713       -9.92914085426714     
  -9.92263508255930       -9.92263508255929       -9.92263508255929     
  -9.92263508255931       -9.92263508255932       -9.91612824659952     
  -9.91612824659952       -9.91612824659952       -9.91612824659953     
  -9.91612824659953       -9.90962039185771       -9.90962039185772     
  -9.90962039185772       -9.90962039185772       -9.90962039185771     
  -9.90311141928112       -9.90311141928110       -9.90311141928110     
  -9.90311141928111       -9.90311141928110       -9.89660135099473     
  -9.89660135099472       -9.89660135099473       -9.89660135099473     
  -9.89660135099473       -9.89009029687141       -9.89009029687141     
  -9.89009029687142       -9.89009029687144       -9.89009029687144     
  -9.88357827725029       -9.88357827725029       -9.88357827725028     
  -9.88357827725030       -9.88357827725030       -9.87706527907044     
  -9.87706527907043       -9.87706527907043       -9.87706527907042     
  -9.87706527907042       -9.87263664709627       -9.87263664709627     
  -9.87263664709626       -9.87263664709625       -9.87263664709623     
  -9.86403625878191       -9.86403625878191       -9.86403625878191     
  -9.86403625878192       -9.86403625878191       -9.85752035692668     
  -9.85752035692667       -9.85752035692666       -9.85752035692667     
  -9.85752035692667       -9.85100355687741       -9.85100355687741     
  -9.85100355687740       -9.85100355687740       -9.85100355687740     
  -9.84448556540072       -9.84448556540072       -9.84448556540071     
  -9.84448556540070       -9.84448556540069       -9.83796735790298     
  -9.83796735790297       -9.83796735790296       -9.83796735790295     
  -9.83796735790294       -9.83144764614038       -9.83144764614037     
  -9.83144764614037       -9.83144764614037       -9.83144764614037     
  -9.82492727512505       -9.82492727512505       -9.82492727512505     
  -9.82492727512505       -9.82492727512505       -9.81840597871804     
  -9.81840597871805       -9.81840597871805       -9.81840597871804     
  -9.81840597871803       -9.81188387811840       -9.81188387811839     
  -9.81188387811839       -9.81188387811841       -9.81188387811842     
  -9.80536118692010       -9.80536118692009       -9.80536118692011     
  -9.80536118692012       -9.80536118692011       -9.79883734995275     
  -9.79883734995275       -9.79883734995276       -9.79883734995277     
  -9.79883734995277       -9.79231282313781       -9.79231282313781     
  -9.79231282313781       -9.79231282313781       -9.79231282313781     
  -9.78578747105739       -9.78578747105738       -9.78578747105737     
  -9.78578747105737       -9.78578747105737       -9.77926143122941     
  -9.77926143122940       -9.77926143122940       -9.77926143122940     
  -9.77926143122940       -9.77273468996039       -9.77273468996038     
  -9.77273468996036       -9.77273468996036       -9.77273468996035     
  -9.76620700561383       -9.76620700561382       -9.76620700561380     
  -9.76620700561379       -9.76620700561378       -9.75967864365542     
  -9.75967864365541       -9.75967864365541       -9.75967864365542     
  -9.75967864365542       -9.75314954911164       -9.75314954911164     
  -9.75314954911163       -9.75314954911164       -9.75314954911163     
  -9.74661981074559       -9.74661981074559       -9.74661981074558     
  -9.74661981074557       -9.74661981074556       -10.3795269688345     
  -10.3795269688345       -10.3795269688345       -10.3795269688346     
  -10.3795269688347       -10.3733537454963       -10.3733537454963     
  -10.3733537454964       -10.3733537454964       -10.3733537454965     
  -10.3671731158551       -10.3671731158551       -10.3671731158551     
  -10.3671731158552       -10.3671731158552       -10.3609852442270     
  -10.3609852442270       -10.3609852442271       -10.3609852442271     
  -10.3609852442272       -10.3547902898195       -10.3547902898196     
  -10.3547902898196       -10.3547902898196       -10.3547902898197     
  -10.3485887994075       -10.3485887994075       -10.3485887994076     
  -10.3485887994076       -10.3485887994077       -10.3423811065308     
  -10.3423811065308       -10.3423811065308       -10.3423811065309     
  -10.3423811065309       -10.3361673253776       -10.3361673253777     
  -10.3361673253777       -10.3361673253777       -10.3361673253778     
  -10.3299477498006       -10.3299477498007       -10.3299477498007     
  -10.3299477498007       -10.3299477498008       -10.3237227227377     
  -10.3237227227378       -10.3237227227378       -10.3237227227378     
  -10.3237227227378       -10.3174924175064       -10.3174924175064     
  -10.3174924175064       -10.3174924175064       -10.3174924175064     
  -10.3112569841337       -10.3112569841337       -10.3112569841337     
  -10.3112569841337       -10.3112569841337       -10.3050166727768     
  -10.3050166727768       -10.3050166727768       -10.3050166727768     
  -10.3050166727768       -10.2987717043407       -10.2987717043407     
  -10.2987717043407       -10.2987717043407       -10.2987717043407     
  -10.2925222072880       -10.2925222072880       -10.2925222072880     
  -10.2925222072880       -10.2925222072880       -10.2889533231308     
  -10.2889533231308       -10.2889533231308       -10.2889533231308     
  -10.2889533231308       -10.2800102545739       -10.2800102545739     
  -10.2800102545739       -10.2800102545739       -10.2800102545739     
  -10.2737481522220       -10.2737481522220       -10.2737481522220     
  -10.2737481522220       -10.2737481522220       -10.2674820100618     
  -10.2674820100618       -10.2674820100618       -10.2674820100618     
  -10.2674820100618       -10.2612125730851       -10.2612125730851     
  -10.2612125730851       -10.2612125730851       -10.2612125730851     
  -10.2549388124443       -10.2549388124443       -10.2549388124443     
  -10.2549388124443       -10.2549388124443       -10.2486617922978     
  -10.2486617922978       -10.2486617922978       -10.2486617922978     
  -10.2486617922978       -10.2423812991969       -10.2423812991969     
  -10.2423812991969       -10.2423812991969       -10.2423812991969     
  -10.2360978156292       -10.2360978156292       -10.2360978156292     
  -10.2360978156292       -10.2360978156292       -10.2298105864241     
  -10.2298105864241       -10.2298105864241       -10.2298105864241     
  -10.2298105864241       -10.2235204676388       -10.2235204676388     
  -10.2235204676388       -10.2235204676388       -10.2235204676388     
  -10.2172272869531       -10.2172272869531       -10.2172272869531     
  -10.2172272869531       -10.2172272869531       -10.2109314541374     
  -10.2109314541374       -10.2109314541374       -10.2109314541374     
  -10.2109314541374       -10.2046323265901       -10.2046323265901     
  -10.2046323265901       -10.2046323265901       -10.2046323265901     
  -10.1983306360692       -10.1983306360692       -10.1983306360692     
  -10.1983306360692       -10.1983306360692       -10.1946142578099     
  -10.1946142578099       -10.1946142578099       -10.1946142578099     
  -10.1946142578099       -10.1857194264594       -10.1857194264594     
  -10.1857194264594       -10.1857194264594       -10.1857194264594     
  -10.1794097249046       -10.1794097249046       -10.1794097249046     
  -10.1794097249046       -10.1794097249046       -10.1730976795014     
  -10.1730976795014       -10.1730976795014       -10.1730976795014     
  -10.1730976795014       -10.1667836540954       -10.1667836540954     
  -10.1667836540954       -10.1667836540954       -10.1667836540954     
  -10.1604666777988       -10.1604666777988       -10.1604666777988     
  -10.1604666777988       -10.1604666777988       -10.1541473929095     
  -10.1541473929094       -10.1541473929094       -10.1541473929095     
  -10.1541473929095       -10.1478260295846       -10.1478260295846     
  -10.1478260295846       -10.1478260295846       -10.1478260295846     
  -10.1415028292821       -10.1415028292820       -10.1415028292820     
  -10.1415028292820       -10.1415028292820       -10.1351771435510     
  -10.1351771435510       -10.1351771435510       -10.1351771435510     
  -10.1351771435510       -10.1288492569742       -10.1288492569742     
  -10.1288492569741       -10.1288492569741       -10.1288492569741     
  -10.1225194495318       -10.1225194495318       -10.1225194495318     
  -10.1225194495318       -10.1225194495318       -10.1161879313632     
  -10.1161879313632       -10.1161879313632       -10.1161879313632     
  -10.1161879313632       -10.1098543220219       -10.1098543220219     
  -10.1098543220219       -10.1098543220219       -10.1098543220219     
  -10.1037642039964       -10.1037642039963       -10.1037642039964     
  -10.1037642039964       -10.1037642039964       -10.0971811706070     
  -10.0971811706070       -10.0971811706070       -10.0971811706070     
  -10.0971811706070       -10.0908420813012       -10.0908420813012     
  -10.0908420813012       -10.0908420813012       -10.0908420813012     
  -10.0845012089410       -10.0845012089410       -10.0845012089410     
  -10.0845012089410       -10.0845012089410       -10.0781584392798     
  -10.0781584392798       -10.0781584392798       -10.0781584392799     
  -10.0781584392798       -10.0718140093006       -10.0718140093006     
  -10.0718140093006       -10.0718140093006       -10.0718140093006     
  -10.0654679818123       -10.0654679818122       -10.0654679818123     
  -10.0654679818123       -10.0654679818123       -10.0589908548085     
  -10.0589908548085       -10.0589908548085       -10.0589908548085     
  -10.0589908548085       -10.0525119724802       -10.0525119724802     
  -10.0525119724802       -10.0525119724802       -10.0525119724802     
  -10.0460314330626       -10.0460314330626       -10.0460314330626     
  -10.0460314330626       -10.0460314330626       -10.0395493569108     
  -10.0395493569108       -10.0395493569108       -10.0395493569108     
  -10.0395493569108       -10.0330658162402       -10.0330658162402     
  -10.0330658162402       -10.0330658162402       -10.0330658162402     
  -10.0265807138019       -10.0265807138019       -10.0265807138019     
  -10.0265807138019       -10.0265807138019       -10.0200940653464     
  -10.0200940653464       -10.0200940653464       -10.0200940653463     
  -10.0200940653463       -10.0136059709020       -10.0136059709019     
  -10.0136059709019       -10.0136059709019       -10.0136059709019     
  -10.0071165116051       -10.0071165116051       -10.0071165116051     
  -10.0071165116051       -10.0071165116052       -10.0018614701656     
  -10.0018614701656       -10.0018614701656       -10.0018614701656     
  -10.0018614701657       -9.99413338731514       -9.99413338731514     
  -9.99413338731515       -9.99413338731516       -9.99413338731516     
  -9.98763975097167       -9.98763975097167       -9.98763975097166     
  -9.98763975097167       -9.98763975097166       -9.98114483107788     
  -9.98114483107788       -9.98114483107787       -9.98114483107788     
  -9.98114483107788       -9.97464850607790       -9.97464850607791     
  -9.97464850607792       -9.97464850607792       -9.97464850607791     
  -9.96815128605947       -9.96815128605947       -9.96815128605948     
  -9.96815128605948       -9.96815128605947       -9.96165241573911     
  -9.96165241573910       -9.96165241573911       -9.96165241573912     
  -9.96165241573911       -9.95515244774434       -9.95515244774434     
  -9.95515244774434       -9.95515244774435       -9.95515244774436     
  -9.94865124360972       -9.94865124360973       -9.94865124360974     
  -9.94865124360975       -9.94865124360975       -9.94214898024628     
  -9.94214898024630       -9.94214898024631       -9.94214898024632     
  -9.94214898024631       -9.93564555543439       -9.93564555543440     
  -9.93564555543441       -9.93564555543441       -9.93564555543441     
  -9.92914085426711       -9.92914085426710       -9.92914085426710     
  -9.92914085426711       -9.92914085426713       -9.92263508255930     
  -9.92263508255929       -9.92263508255929       -9.92263508255931     
  -9.92263508255932       -9.91612824659955       -9.91612824659955     
  -9.91612824659955       -9.91612824659956       -9.91612824659956     
  -9.90962039185773       -9.90962039185774       -9.90962039185773     
  -9.90962039185773       -9.90962039185773       -9.90311141928113     
  -9.90311141928112       -9.90311141928112       -9.90311141928112     
  -9.90311141928112       -9.89660135099474       -9.89660135099473     
  -9.89660135099474       -9.89660135099475       -9.89660135099474     
  -9.89009029687142       -9.89009029687142       -9.89009029687143     
  -9.89009029687145       -9.89009029687146       -9.88357827725032     
  -9.88357827725032       -9.88357827725032       -9.88357827725033     
  -9.88357827725033       -9.87706527907046       -9.87706527907045     
  -9.87706527907044       -9.87706527907044       -9.87706527907043     
  -9.87263664709627       -9.87263664709627       -9.87263664709626     
  -9.87263664709625       -9.87263664709623       -9.86403625878194     
  -9.86403625878194       -9.86403625878194       -9.86403625878195     
  -9.86403625878194       -9.85752035692670       -9.85752035692669     
  -9.85752035692668       -9.85752035692669       -9.85752035692669     
  -9.85100355687740       -9.85100355687740       -9.85100355687739     
  -9.85100355687739       -9.85100355687739       -9.84448556540071     
  -9.84448556540070       -9.84448556540070       -9.84448556540068     
  -9.84448556540067       -9.83796735790298       -9.83796735790297     
  -9.83796735790296       -9.83796735790295       -9.83796735790294     
  -9.83144764614038       -9.83144764614037       -9.83144764614037     
  -9.83144764614037       -9.83144764614037       -9.82492727512505     
  -9.82492727512505       -9.82492727512505       -9.82492727512505     
  -9.82492727512505       -9.81840597871803       -9.81840597871804     
  -9.81840597871804       -9.81840597871803       -9.81840597871802     
  -9.81188387811839       -9.81188387811838       -9.81188387811838     
  -9.81188387811840       -9.81188387811840       -9.80536118692013     
  -9.80536118692013       -9.80536118692014       -9.80536118692015     
  -9.80536118692014       -9.79883734995279       -9.79883734995278     
  -9.79883734995279       -9.79883734995280       -9.79883734995280     
  -9.79231282313783       -9.79231282313783       -9.79231282313784     
  -9.79231282313784       -9.79231282313783       -9.78578747105739     
  -9.78578747105738       -9.78578747105737       -9.78578747105737     
  -9.78578747105737       -9.77926143122941       -9.77926143122940     
  -9.77926143122940       -9.77926143122940       -9.77926143122940     
  -9.77273468996039       -9.77273468996038       -9.77273468996036     
  -9.77273468996036       -9.77273468996035       -9.76620700561384     
  -9.76620700561383       -9.76620700561381       -9.76620700561380     
  -9.76620700561379       -9.75967864365545       -9.75967864365544     
  -9.75967864365544       -9.75967864365545       -9.75967864365545     
  -9.75314954911168       -9.75314954911168       -9.75314954911167     
  -9.75314954911168       -9.75314954911168       -9.74661981074565     
  -9.74661981074564       -9.74661981074563       -9.74661981074563     
  -9.74661981074561       -9.96757123576905       -9.96757123576898     
  -9.96757123576908       -9.96757123576923       -9.96757123576937     
  -9.95618664105370       -9.95618664105370       -9.95618664105370     
  -9.95618664105388       -9.95618664105398       -9.94494276606175     
  -9.94494276606175       -9.94494276606186       -9.94494276606200     
  -9.94494276606211       -9.93383648878434       -9.93383648878442     
  -9.93383648878449       -9.93383648878459       -9.93383648878470     
  -9.92286478428272       -9.92286478428272       -9.92286478428279     
  -9.92286478428282       -9.92286478428293       -9.91201726383559     
  -9.91201726383559       -9.91201726383555       -9.91201726383569     
  -9.91201726383573       -9.90128759018840       -9.90128759018840     
  -9.90128759018851       -9.90128759018858       -9.90128759018861     
  -9.89067359376449       -9.89067359376449       -9.89067359376453     
  -9.89067359376460       -9.89067359376467       -9.88016969136590     
  -9.88016969136594       -9.88016969136601       -9.88016969136604     
  -9.88016969136615       -9.86976936717369       -9.86976936717372     
  -9.86976936717383       -9.86976936717387       -9.86976936717387     
  -9.85946932815748       -9.85946932815744       -9.85946932815748     
  -9.85946932815751       -9.85946932815755       -9.84926672380151     
  -9.84926672380144       -9.84926672380151       -9.84926672380147     
  -9.84926672380154       -9.83915680112242       -9.83915680112245     
  -9.83915680112245       -9.83915680112252       -9.83915680112249     
  -9.82913536292522       -9.82913536292511       -9.82913536292518     
  -9.82913536292511       -9.82913536292518       -9.81919996842235     
  -9.81919996842224       -9.81919996842228       -9.81919996842231     
  -9.81919996842228       -9.81356869110941       -9.81356869110937     
  -9.81356869110941       -9.81356869110941       -9.81356869110941     
  -9.79957539291980       -9.79957539291976       -9.79957539291976     
  -9.79957539291980       -9.79957539291969       -9.78987949904130     
  -9.78987949904130       -9.78987949904130       -9.78987949904130     
  -9.78987949904126       -9.78026036150069       -9.78026036150061     
  -9.78026036150065       -9.78026036150065       -9.78026036150069     
  -9.77070382545913       -9.77070382545909       -9.77070382545902     
  -9.77070382545909       -9.77070382545906       -9.76122943901487     
  -9.76122943901491       -9.76122943901491       -9.76122943901491     
  -9.76122943901487       -9.75181698316274       -9.75181698316270     
  -9.75181698316274       -9.75181698316274       -9.75181698316274     
  -9.74247051342740       -9.74247051342740       -9.74247051342740     
  -9.74247051342744       -9.74247051342748       -9.73318086254611     
  -9.73318086254607       -9.73318086254607       -9.73318086254607     
  -9.73318086254607       -9.72396237875920       -9.72396237875913     
  -9.72396237875913       -9.72396237875916       -9.72396237875916     
  -9.71479879698119       -9.71479879698115       -9.71479879698119     
  -9.71479879698115       -9.71479879698112       -9.70569339129732     
  -9.70569339129732       -9.70569339129732       -9.70569339129732     
  -9.70569339129732       -9.69663837606999       -9.69663837606996     
  -9.69663837607003       -9.69663837607003       -9.69663837607003     
  -9.68764596072715       -9.68764596072715       -9.68764596072711     
  -9.68764596072704       -9.68764596072711       -9.67870224187208     
  -9.67870224187201       -9.67870224187201       -9.67870224187208     
  -9.67870224187201       -9.67344937878242       -9.67344937878238     
  -9.67344937878231       -9.67344937878238       -9.67344937878231     
  -9.66096354691306       -9.66096354691303       -9.66096354691303     
  -9.66096354691306       -9.66096354691310       -9.65217203766364     
  -9.65217203766364       -9.65217203766364       -9.65217203766372     
  -9.65217203766364       -9.64342506152153       -9.64342506152157     
  -9.64342506152153       -9.64342506152160       -9.64342506152146     
  -9.63471570542269       -9.63471570542269       -9.63471570542269     
  -9.63471570542273       -9.63471570542266       -9.62606241623265     
  -9.62606241623262       -9.62606241623258       -9.62606241623254     
  -9.62606241623254       -9.61745299029248       -9.61745299029245     
  -9.61745299029245       -9.61745299029248       -9.61745299029245     
  -9.60888305461781       -9.60888305461777       -9.60888305461777     
  -9.60888305461777       -9.60888305461777       -9.60034802150975     
  -9.60034802150979       -9.60034802150979       -9.60034802150975     
  -9.60034802150972       -9.59186021153136       -9.59186021153136     
  -9.59186021153136       -9.59186021153136       -9.59186021153136     
  -9.58341421761421       -9.58341421761424       -9.58341421761417     
  -9.58341421761421       -9.58341421761414       -9.57500472013155     
  -9.57500472013155       -9.57500472013155       -9.57500472013155     
  -9.57500472013148       -9.56662772643960       -9.56662772643956     
  -9.56662772643956       -9.56662772643956       -9.56662772643956     
  -9.55829046501835       -9.55829046501828       -9.55829046501831     
  -9.55829046501831       -9.55829046501835       -9.55031288101580     
  -9.55031288101577       -9.55031288101577       -9.55031288101580     
  -9.55031288101580       -9.54172866406171       -9.54172866406157     
  -9.54172866406164       -9.54172866406164       -9.54172866406160     
  -9.53349552193975       -9.53349552193975       -9.53349552193975     
  -9.53349552193979       -9.53349552193975       -9.52529625784432     
  -9.52529625784425       -9.52529625784432       -9.52529625784429     
  -9.52529625784425       -9.51713304245673       -9.51713304245670     
  -9.51713304245673       -9.51713304245673       -9.51713304245673     
  -9.50900137310523       -9.50900137310516       -9.50900137310512     
  -9.50900137310519       -9.50900137310516       -9.50090005641844     
  -9.50090005641840       -9.50090005641840       -9.50090005641847     
  -9.50090005641844       -9.49266359298754       -9.49266359298754     
  -9.49266359298758       -9.49266359298758       -9.49266359298754     
  -9.48446048071461       -9.48446048071461       -9.48446048071461     
  -9.48446048071457       -9.48446048071461       -9.47628885313051     
  -9.47628885313044       -9.47628885313041       -9.47628885313044     
  -9.47628885313041       -9.46814642348865       -9.46814642348872     
  -9.46814642348876       -9.46814642348872       -9.46814642348872     
  -9.46003181969786       -9.46003181969783       -9.46003181969779     
  -9.46003181969779       -9.46003181969783       -9.45194688948608     
  -9.45194688948604       -9.45194688948601       -9.45194688948604     
  -9.45194688948601       -9.44389133359309       -9.44389133359316     
  -9.44389133359313       -9.44389133359313       -9.44389133359313     
  -9.43586325148230       -9.43586325148234       -9.43586325148238     
  -9.43586325148234       -9.43586325148234       -9.42786110156004     
  -9.42786110156000       -9.42786110156000       -9.42786110156004     
  -9.42786110156007       -9.42140185323113       -9.42140185323117     
  -9.42140185323117       -9.42140185323117       -9.42140185323113     
  -9.41193670992792       -9.41193670992796       -9.41193670992796     
  -9.41193670992796       -9.41193670992792       -9.40401392387318     
  -9.40401392387315       -9.40401392387318       -9.40401392387315     
  -9.40401392387318       -9.39611552526806       -9.39611552526806     
  -9.39611552526806       -9.39611552526803       -9.39611552526806     
  -9.38824382367401       -9.38824382367405       -9.38824382367401     
  -9.38824382367401       -9.38824382367405       -9.38038912742628     
  -9.38038912742628       -9.38038912742631       -9.38038912742631     
  -9.38038912742624       -9.37256578690703       -9.37256578690707     
  -9.37256578690710       -9.37256578690703       -9.37256578690703     
  -9.36476330219610       -9.36476330219606       -9.36476330219610     
  -9.36476330219610       -9.36476330219606       -9.35698430413656     
  -9.35698430413663       -9.35698430413656       -9.35698430413663     
  -9.35698430413660       -9.34922543142009       -9.34922543142016     
  -9.34922543142012       -9.34922543142016       -9.34922543142012     
  -9.34148862621846       -9.34148862621850       -9.34148862621853     
  -9.34148862621853       -9.34148862621857       -9.33377607176265     
  -9.33377607176265       -9.33377607176265       -9.33377607176265     
  -9.33377607176265       -9.32608385757229       -9.32608385757226     
  -9.32608385757229       -9.32608385757226       -9.32608385757229     
  -9.31841186416419       -9.31841186416422       -9.31841186416419     
  -9.31841186416426       -9.31841186416419       -9.31075922761002     
  -9.31075922760995       -9.31075922760995       -9.31075922761002     
  -9.31075922760998       -9.30312782991159       -9.30312782991159     
  -9.30312782991159       -9.30312782991155       -9.30312782991155     
  -9.29551725069340       -9.29551725069333       -9.29551725069337     
  -9.29551725069340       -9.29551725069337       -9.28792540237164     
  -9.28792540237164       -9.28792540237168       -9.28792540237164     
  -9.28792540237168       -9.28035189850468       -9.28035189850464     
  -9.28035189850464       -9.28035189850464       -9.28035189850468     
  -9.27279698724937       -9.27279698724944       -9.27279698724937     
  -9.27279698724934       -9.27279698724930       -9.26767632868458     
  -9.26767632868454       -9.26767632868454       -9.26767632868454     
  -9.26767632868454       -9.25774461936966       -9.25774461936973     
  -9.25774461936969       -9.25774461936973       -9.25774461936969     
  -9.25024487793221       -9.25024487793221       -9.25024487793225     
  -9.25024487793225       -9.25024487793218       -9.24276220217738     
  -9.24276220217734       -9.24276220217741       -9.24276220217734     
  -9.24276220217734       -9.23530216353787       -9.23530216353791     
  -9.23530216353787       -9.23530216353780       -9.23530216353780     
  -9.22784622929666       -9.22784622929666       -9.22784622929666     
  -9.22784622929670       -9.22784622929670       -9.22041887608022     
  -9.22041887608015       -9.22041887608015       -9.22041887608022     
  -9.22041887608015       -9.21300404866295       -9.21300404866288     
  -9.21300404866288       -9.21300404866288       -9.21300404866285     
  -9.20560680368359       -9.20560680368359       -9.20560680368352     
  -9.20560680368352       -9.20560680368352       -9.19822483835937     
  -9.19822483835940       -9.19822483835944       -9.19822483835940     
  -9.19822483835940       -9.19085409440723       -9.19085409440727     
  -9.19085409440727       -9.19085409440723       -9.19085409440727     
  -9.18350512006187       -9.18350512006187       -9.18350512006187     
  -9.18350512006190       -9.18350512006190       -9.17616925281800     
  -9.17616925281797       -9.17616925281793       -9.17616925281797     
  -9.17616925281797       -9.16884906561426       -9.16884906561426     
  -9.16884906561430       -9.16884906561423       -9.16884906561426     
  -9.16154194561023       -9.16154194561023       -9.16154194561023     
  -9.16154194561034       -9.16154194561019       -9.15424815298339     
  -9.15424815298335       -9.15424815298335       -9.15424815298332     
  -9.15424815298332       -9.14697227882475       -9.14697227882482     
  -9.14697227882475       -9.14697227882478       -9.14697227882471     
  -9.13970927928682       -9.13970927928678       -9.13970927928678     
  -9.13970927928678       -9.13970927928674       -9.13246019886856     
  -9.13246019886852       -9.13246019886859       -9.13246019886856     
  -9.13246019886856       -9.12522335107094       -9.12522335107090     
  -9.12522335107090       -9.12522335107090       -9.12522335107090     
  0.205222644066160       0.205222644066176       0.205222644066152     
  0.205222644066120       0.205222644066088       0.207818777073067     
  0.207818777073067       0.207818777073067       0.207818777073027     
  0.207818777073002       0.210418024781472       0.210418024781472     
  0.210418024781447       0.210418024781414       0.210418024781389     
  0.213020318088559       0.213020318088542       0.213020318088526     
  0.213020318088501       0.213020318088475       0.215625590040085     
  0.215625590040085       0.215625590040068       0.215625590040060     
  0.215625590040034       0.218235581760202       0.218235581760202     
  0.218235581760211       0.218235581760176       0.218235581760168     
  0.220851158726167       0.220851158726167       0.220851158726141     
  0.220851158726123       0.220851158726115       0.223472218705054     
  0.223472218705054       0.223472218705046       0.223472218705028     
  0.223472218705010       0.226099534534110       0.226099534534101     
  0.226099534534083       0.226099534534075       0.226099534534048     
  0.228734176657234       0.228734176657225       0.228734176657198     
  0.228734176657189       0.228734176657189       0.231376456201892     
  0.231376456201901       0.231376456201892       0.231376456201882     
  0.231376456201873       0.234026600573602       0.234026600573620     
  0.234026600573602       0.234026600573611       0.234026600573592     
  0.236685367306194       0.236685367306185       0.236685367306185     
  0.236685367306166       0.236685367306175       0.239353416999852     
  0.239353416999881       0.239353416999862       0.239353416999881     
  0.239353416999862       0.242030979438854       0.242030979438883     
  0.242030979438873       0.242030979438863       0.242030979438873     
  0.243563089608404       0.243563089608413       0.243563089608404     
  0.243563089608404       0.243563089608404       0.247416275419551     
  0.247416275419561       0.247416275419561       0.247416275419551     
  0.247416275419581       0.250125114126245       0.250125114126245     
  0.250125114126245       0.250125114126245       0.250125114126255     
  0.252844510105198       0.252844510105219       0.252844510105209     
  0.252844510105209       0.252844510105198       0.255578178168702     
  0.255578178168712       0.255578178168732       0.255578178168712     
  0.255578178168722       0.258320205076312       0.258320205076301     
  0.258320205076301       0.258320205076301       0.258320205076312     
  0.261076117343155       0.261076117343165       0.261076117343155     
  0.261076117343155       0.261076117343155       0.263844477189470     
  0.263844477189470       0.263844477189470       0.263844477189460     
  0.263844477189449       0.266627769380285       0.266627769380296     
  0.266627769380296       0.266627769380296       0.266627769380296     
  0.269421431368227       0.269421431368249       0.269421431368249     
  0.269421431368238       0.269421431368238       0.272230132322876     
  0.272230132322887       0.272230132322876       0.272230132322887     
  0.272230132322898       0.275052669918713       0.275052669918713     
  0.275052669918713       0.275052669918713       0.275052669918713     
  0.277891276910440       0.277891276910451       0.277891276910429     
  0.277891276910429       0.277891276910429       0.280741916224120     
  0.280741916224120       0.280741916224131       0.280741916224154     
  0.280741916224131       0.283608789228159       0.283608789228182     
  0.283608789228182       0.283608789228159       0.283608789228182     
  0.285307449614812       0.285307449614823       0.285307449614846     
  0.285307449614823       0.285307449614846       0.289389807337822     
  0.289389807337834       0.289389807337834       0.289389807337822     
  0.289389807337811       0.292302489162610       0.292302489162610     
  0.292302489162610       0.292302489162586       0.292302489162610     
  0.295232183665972       0.295232183665960       0.295232183665972     
  0.295232183665948       0.295232183665996       0.298181133118625     
  0.298181133118625       0.298181133118625       0.298181133118613     
  0.298181133118637       0.301142950643719       0.301142950643731     
  0.301142950643743       0.301142950643756       0.301142950643756     
  0.304121633414259       0.304121633414272       0.304121633414272     
  0.304121633414259       0.304121633414272       0.307118602073983     
  0.307118602073996       0.307118602073996       0.307118602073996     
  0.307118602073996       0.310135415207017       0.310135415207004     
  0.310135415207004       0.310135415207017       0.310135415207029     
  0.313167624914482       0.313167624914482       0.313167624914482     
  0.313167624914482       0.313167624914482       0.316217026620338     
  0.316217026620325       0.316217026620351       0.316217026620338     
  0.316217026620364       0.319285461937741       0.319285461937741     
  0.319285461937741       0.319285461937741       0.319285461937767     
  0.322374358884762       0.322374358884775       0.322374358884775     
  0.322374358884775       0.322374358884775       0.325481001343290     
  0.325481001343316       0.325481001343303       0.325481001343303     
  0.325481001343290       0.328484218591205       0.328484218591218     
  0.328484218591218       0.328484218591205       0.328484218591205     
  0.331749610110898       0.331749610110952       0.331749610110925     
  0.331749610110925       0.331749610110939       0.334914748093546     
  0.334914748093546       0.334914748093546       0.334914748093532     
  0.334914748093546       0.338099629916427       0.338099629916455     
  0.338099629916427       0.338099629916441       0.338099629916455     
  0.341303359487838       0.341303359487852       0.341303359487838     
  0.341303359487838       0.341303359487838       0.344527662044841     
  0.344527662044869       0.344527662044883       0.344527662044855     
  0.344527662044869       0.347773000695077       0.347773000695091     
  0.347773000695091       0.347773000695063       0.347773000695077     
  0.351106697982166       0.351106697982166       0.351106697982151     
  0.351106697982151       0.351106697982166       0.354461576063844     
  0.354461576063844       0.354461576063844       0.354461576063858     
  0.354461576063844       0.357838376872675       0.357838376872704     
  0.357838376872719       0.357838376872704       0.357838376872719     
  0.361238047767812       0.361238047767783       0.361238047767768     
  0.361238047767783       0.361238047767783       0.364661185175804     
  0.364661185175819       0.364661185175834       0.364661185175834     
  0.364661185175819       0.368107027786934       0.368107027786950     
  0.368107027786965       0.368107027786950       0.368107027786965     
  0.371575708807951       0.371575708807920       0.371575708807935     
  0.371575708807935       0.371575708807935       0.375068064364331     
  0.375068064364315       0.375068064364300       0.375068064364315     
  0.375068064364315       0.378584803522787       0.378584803522803     
  0.378584803522803       0.378584803522787       0.378584803522771     
  0.381449717407090       0.381449717407074       0.381449717407074     
  0.381449717407074       0.381449717407090       0.385690666141749     
  0.385690666141733       0.385690666141733       0.385690666141733     
  0.385690666141749       0.389280106092682       0.389280106092698     
  0.389280106092682       0.389280106092698       0.389280106092682     
  0.392894801490719       0.392894801490719       0.392894801490719     
  0.392894801490736       0.392894801490719       0.396533739798801     
  0.396533739798785       0.396533739798801       0.396533739798801     
  0.396533739798785       0.400201495666959       0.400201495666959     
  0.400201495666943       0.400201495666943       0.400201495666976     
  0.403891428207023       0.403891428207006       0.403891428206989     
  0.403891428207023       0.403891428207023       0.407608521075801     
  0.407608521075818       0.407608521075801       0.407608521075801     
  0.407608521075818       0.411351606347424       0.411351606347389     
  0.411351606347424       0.411351606347389       0.411351606347406     
  0.415122390895601       0.415122390895566       0.415122390895584     
  0.415122390895566       0.415122390895584       0.418920029358441     
  0.418920029358424       0.418920029358406       0.418920029358406     
  0.418920029358389       0.422743517235192       0.422743517235192     
  0.422743517235192       0.422743517235192       0.422743517235192     
  0.426594871567085       0.426594871567103       0.426594871567085     
  0.426594871567103       0.426594871567085       0.430474259196420     
  0.430474259196402       0.430474259196420       0.430474259196384     
  0.430474259196420       0.434382230436253       0.434382230436289     
  0.434382230436289       0.434382230436253       0.434382230436271     
  0.438317929040973       0.438317929040973       0.438317929040973     
  0.438317929040991       0.438317929040991       0.442281664492930     
  0.442281664492968       0.442281664492949       0.442281664492930     
  0.442281664492949       0.446274634857548       0.446274634857548     
  0.446274634857529       0.446274634857548       0.446274634857529     
  0.450297172452566       0.450297172452585       0.450297172452585     
  0.450297172452585       0.450297172452566       0.454349274968134     
  0.454349274968096       0.454349274968134       0.454349274968154     
  0.454349274968173       0.457118368454532       0.457118368454551     
  0.457118368454551       0.457118368454551       0.457118368454551     
  0.462541760069911       0.462541760069872       0.462541760069892     
  0.462541760069872       0.462541760069892       0.466683644280966     
  0.466683644280966       0.466683644280947       0.466683644280947     
  0.466683644280986       0.470856458842701       0.470856458842721     
  0.470856458842681       0.470856458842721       0.470856458842721     
  0.475057200289835       0.475057200289815       0.475057200289835     
  0.475057200289875       0.475057200289875       0.479296513739968     
  0.479296513739968       0.479296513739968       0.479296513739948     
  0.479296513739948       0.483560642190402       0.483560642190443     
  0.483560642190443       0.483560642190402       0.483560642190443     
  0.487858893132199       0.487858893132240       0.487858893132240     
  0.487858893132240       0.487858893132261       0.492188516288815     
  0.492188516288815       0.492188516288857       0.492188516288857     
  0.492188516288857       0.496551017279760       0.496551017279739     
  0.496551017279718       0.496551017279739       0.496551017279739     
  0.500949006461667       0.500949006461646       0.500949006461646     
  0.500949006461667       0.500949006461646       0.505376346197476     
  0.505376346197476       0.505376346197476       0.505376346197454     
  0.505376346197454       0.509838395000708       0.509838395000729     
  0.509838395000751       0.509838395000729       0.509838395000729     
  0.514333780391710       0.514333780391710       0.514333780391689     
  0.514333780391732       0.514333780391710       0.518864300120519     
  0.518864300120519       0.518864300120519       0.518864300120453     
  0.518864300120541       0.523430007249160       0.523430007249182     
  0.523430007249182       0.523430007249204       0.523430007249204     
  0.528028199036136       0.528028199036091       0.528028199036136     
  0.528028199036113       0.528028199036158       0.532662238336539     
  0.532662238336561       0.532662238336561       0.532662238336561     
  0.532662238336584       0.537331670379190       0.537331670379213     
  0.537331670379167       0.537331670379190       0.537331670379190     
  0.542037799613795       0.542037799613818       0.542037799613818     
  0.542037799613818       0.542037799613818       0.000000000000000E+000
  0.000000000000000E+000  0.000000000000000E+000  0.000000000000000E+000
  0.000000000000000E+000  0.000000000000000E+000  0.000000000000000E+000
  0.000000000000000E+000  0.000000000000000E+000  0.000000000000000E+000
  0.000000000000000E+000  0.000000000000000E+000  0.000000000000000E+000
  0.000000000000000E+000  0.000000000000000E+000  0.000000000000000E+000
  0.000000000000000E+000  0.000000000000000E+000  0.000000000000000E+000
  0.000000000000000E+000  0.000000000000000E+000  0.000000000000000E+000
  0.000000000000000E+000  0.000000000000000E+000  0.000000000000000E+000
  0.000000000000000E+000  0.000000000000000E+000  0.000000000000000E+000
  0.000000000000000E+000  0.000000000000000E+000  0.000000000000000E+000
  0.000000000000000E+000  0.000000000000000E+000  0.000000000000000E+000
  0.000000000000000E+000  0.000000000000000E+000  0.000000000000000E+000
  0.000000000000000E+000  0.000000000000000E+000  0.000000000000000E+000
  0.000000000000000E+000  0.000000000000000E+000  0.000000000000000E+000
  0.000000000000000E+000  0.000000000000000E+000  0.000000000000000E+000
  0.000000000000000E+000  0.000000000000000E+000  0.000000000000000E+000
  0.000000000000000E+000  0.000000000000000E+000  0.000000000000000E+000
  0.000000000000000E+000  0.000000000000000E+000  0.000000000000000E+000
  0.000000000000000E+000  0.000000000000000E+000  0.000000000000000E+000
  0.000000000000000E+000  0.000000000000000E+000  0.000000000000000E+000
  0.000000000000000E+000  0.000000000000000E+000  0.000000000000000E+000
  0.000000000000000E+000  0.000000000000000E+000  0.000000000000000E+000
  0.000000000000000E+000  0.000000000000000E+000  0.000000000000000E+000
  0.000000000000000E+000  0.000000000000000E+000  0.000000000000000E+000
  0.000000000000000E+000  0.000000000000000E+000  0.000000000000000E+000
  0.000000000000000E+000  0.000000000000000E+000  0.000000000000000E+000
  0.000000000000000E+000  0.000000000000000E+000  0.000000000000000E+000
  0.000000000000000E+000  0.000000000000000E+000  0.000000000000000E+000
  0.000000000000000E+000  0.000000000000000E+000  0.000000000000000E+000
  0.000000000000000E+000  0.000000000000000E+000  0.000000000000000E+000
  0.000000000000000E+000  0.000000000000000E+000  0.000000000000000E+000
  0.000000000000000E+000  0.000000000000000E+000  0.000000000000000E+000
  0.000000000000000E+000  0.000000000000000E+000  0.000000000000000E+000
  0.000000000000000E+000  0.000000000000000E+000  0.000000000000000E+000
  0.000000000000000E+000  0.000000000000000E+000  0.000000000000000E+000
  0.000000000000000E+000  0.000000000000000E+000  0.000000000000000E+000
  0.000000000000000E+000  0.000000000000000E+000  0.000000000000000E+000
  0.000000000000000E+000  0.000000000000000E+000  0.000000000000000E+000
  0.000000000000000E+000  0.000000000000000E+000  0.000000000000000E+000
  0.000000000000000E+000  0.000000000000000E+000  0.000000000000000E+000
  0.000000000000000E+000  0.000000000000000E+000  0.000000000000000E+000
  0.000000000000000E+000  0.000000000000000E+000  0.000000000000000E+000
  0.000000000000000E+000  0.000000000000000E+000  0.000000000000000E+000
  0.000000000000000E+000  0.000000000000000E+000  0.000000000000000E+000
  0.000000000000000E+000  0.000000000000000E+000  0.000000000000000E+000
  0.000000000000000E+000  0.000000000000000E+000  0.000000000000000E+000
  0.000000000000000E+000  0.000000000000000E+000  0.000000000000000E+000
  0.000000000000000E+000  0.000000000000000E+000  0.000000000000000E+000
  0.000000000000000E+000  0.000000000000000E+000  0.000000000000000E+000
  0.000000000000000E+000  0.000000000000000E+000  0.000000000000000E+000
  0.000000000000000E+000  0.000000000000000E+000  0.000000000000000E+000
  0.000000000000000E+000  0.000000000000000E+000  0.000000000000000E+000
  0.000000000000000E+000  0.000000000000000E+000  0.000000000000000E+000
  0.000000000000000E+000  0.000000000000000E+000  0.000000000000000E+000
  0.000000000000000E+000  0.000000000000000E+000  0.000000000000000E+000
  0.000000000000000E+000  0.000000000000000E+000  0.000000000000000E+000
  0.000000000000000E+000  0.000000000000000E+000  0.000000000000000E+000
  0.000000000000000E+000  0.000000000000000E+000  0.000000000000000E+000
  0.000000000000000E+000  0.000000000000000E+000  0.000000000000000E+000
  0.000000000000000E+000  0.000000000000000E+000  0.000000000000000E+000
  0.000000000000000E+000  0.000000000000000E+000  0.000000000000000E+000
  0.000000000000000E+000  0.000000000000000E+000  0.000000000000000E+000
  0.000000000000000E+000  0.000000000000000E+000  0.000000000000000E+000
  0.000000000000000E+000  0.000000000000000E+000  0.000000000000000E+000
  0.000000000000000E+000  0.000000000000000E+000  0.000000000000000E+000
  0.000000000000000E+000  0.000000000000000E+000  0.000000000000000E+000
  0.000000000000000E+000  0.000000000000000E+000  0.000000000000000E+000
  0.000000000000000E+000  0.000000000000000E+000  0.000000000000000E+000
  0.000000000000000E+000  0.000000000000000E+000  0.000000000000000E+000
  0.000000000000000E+000  0.000000000000000E+000  0.000000000000000E+000
  0.000000000000000E+000  0.000000000000000E+000  0.000000000000000E+000
  0.000000000000000E+000  0.000000000000000E+000  0.000000000000000E+000
  0.000000000000000E+000  0.000000000000000E+000  0.000000000000000E+000
  0.000000000000000E+000  0.000000000000000E+000  0.000000000000000E+000
  0.000000000000000E+000  0.000000000000000E+000  0.000000000000000E+000
  0.000000000000000E+000  0.000000000000000E+000  0.000000000000000E+000
  0.000000000000000E+000  0.000000000000000E+000  0.000000000000000E+000
  0.000000000000000E+000  0.000000000000000E+000  0.000000000000000E+000
  0.000000000000000E+000  0.000000000000000E+000  0.000000000000000E+000
  0.000000000000000E+000  0.000000000000000E+000  0.000000000000000E+000
  0.000000000000000E+000  0.000000000000000E+000  0.000000000000000E+000
  0.000000000000000E+000  0.000000000000000E+000  0.000000000000000E+000
  0.000000000000000E+000  0.000000000000000E+000  0.000000000000000E+000
  0.000000000000000E+000  0.000000000000000E+000  0.000000000000000E+000
  0.000000000000000E+000  0.000000000000000E+000  0.000000000000000E+000
  0.000000000000000E+000  0.000000000000000E+000  0.000000000000000E+000
  0.000000000000000E+000  0.000000000000000E+000  0.000000000000000E+000
  0.000000000000000E+000  0.000000000000000E+000  0.000000000000000E+000
  0.000000000000000E+000  0.000000000000000E+000  0.000000000000000E+000
  0.000000000000000E+000  0.000000000000000E+000  0.000000000000000E+000
  0.000000000000000E+000  0.000000000000000E+000  0.000000000000000E+000
  0.000000000000000E+000  0.000000000000000E+000  0.000000000000000E+000
  0.000000000000000E+000  0.000000000000000E+000  0.000000000000000E+000
  0.000000000000000E+000  0.000000000000000E+000  0.000000000000000E+000
  0.000000000000000E+000  0.000000000000000E+000  0.000000000000000E+000
  0.000000000000000E+000  0.000000000000000E+000  0.000000000000000E+000
  0.000000000000000E+000  0.000000000000000E+000  0.000000000000000E+000
  0.000000000000000E+000  0.000000000000000E+000  0.000000000000000E+000
  0.000000000000000E+000  0.000000000000000E+000  0.000000000000000E+000
  0.000000000000000E+000  0.000000000000000E+000  0.000000000000000E+000
  0.000000000000000E+000  0.000000000000000E+000  0.000000000000000E+000
  0.000000000000000E+000  0.000000000000000E+000  0.000000000000000E+000
  0.000000000000000E+000  0.000000000000000E+000  0.000000000000000E+000
  0.000000000000000E+000  0.000000000000000E+000  0.000000000000000E+000
  0.000000000000000E+000  0.000000000000000E+000  0.000000000000000E+000
  0.000000000000000E+000  0.000000000000000E+000  0.000000000000000E+000
  0.000000000000000E+000  0.000000000000000E+000  0.000000000000000E+000
  0.000000000000000E+000  0.000000000000000E+000  0.000000000000000E+000
  0.000000000000000E+000  0.000000000000000E+000  0.000000000000000E+000
  0.000000000000000E+000  0.000000000000000E+000  0.000000000000000E+000
  0.000000000000000E+000  0.000000000000000E+000  0.000000000000000E+000
  0.000000000000000E+000  0.000000000000000E+000  0.000000000000000E+000
  0.000000000000000E+000  0.000000000000000E+000  0.000000000000000E+000
  0.000000000000000E+000  0.000000000000000E+000  0.000000000000000E+000
  0.000000000000000E+000  0.000000000000000E+000  0.000000000000000E+000
  0.000000000000000E+000  0.000000000000000E+000  0.000000000000000E+000
  0.000000000000000E+000  0.000000000000000E+000  0.000000000000000E+000
  0.000000000000000E+000  0.000000000000000E+000  0.000000000000000E+000
  0.000000000000000E+000  0.000000000000000E+000  0.000000000000000E+000
  0.000000000000000E+000  0.000000000000000E+000  0.000000000000000E+000
  0.000000000000000E+000  0.000000000000000E+000  0.000000000000000E+000
  0.000000000000000E+000  0.000000000000000E+000  0.000000000000000E+000
  0.000000000000000E+000  0.000000000000000E+000  0.000000000000000E+000
  0.000000000000000E+000  0.000000000000000E+000  0.000000000000000E+000
  0.000000000000000E+000  0.000000000000000E+000  0.000000000000000E+000
  0.000000000000000E+000  0.000000000000000E+000  0.000000000000000E+000
  0.000000000000000E+000  0.000000000000000E+000  0.000000000000000E+000
  0.000000000000000E+000  0.000000000000000E+000  0.000000000000000E+000
  0.000000000000000E+000  0.000000000000000E+000  0.000000000000000E+000
  0.000000000000000E+000  0.000000000000000E+000  0.000000000000000E+000
  0.000000000000000E+000  0.000000000000000E+000  0.000000000000000E+000
  0.000000000000000E+000  0.000000000000000E+000  0.000000000000000E+000
  0.000000000000000E+000  0.000000000000000E+000  0.000000000000000E+000
  0.000000000000000E+000  0.000000000000000E+000  0.000000000000000E+000
  0.000000000000000E+000  0.000000000000000E+000  0.000000000000000E+000
  0.000000000000000E+000  0.000000000000000E+000  0.000000000000000E+000
  0.000000000000000E+000  0.000000000000000E+000  0.000000000000000E+000
  0.000000000000000E+000  0.000000000000000E+000  0.000000000000000E+000
  0.000000000000000E+000  0.000000000000000E+000  0.000000000000000E+000
  0.000000000000000E+000  0.000000000000000E+000  0.000000000000000E+000
  0.000000000000000E+000  0.000000000000000E+000  0.000000000000000E+000
  0.000000000000000E+000  0.000000000000000E+000  0.000000000000000E+000
  0.000000000000000E+000  0.000000000000000E+000  0.000000000000000E+000
  0.000000000000000E+000  0.000000000000000E+000  0.000000000000000E+000
  0.000000000000000E+000  0.000000000000000E+000  0.000000000000000E+000
  0.000000000000000E+000  0.000000000000000E+000  0.000000000000000E+000
  0.000000000000000E+000  0.000000000000000E+000  0.000000000000000E+000
  0.000000000000000E+000  0.000000000000000E+000  0.000000000000000E+000
  0.000000000000000E+000  0.000000000000000E+000  0.000000000000000E+000
  0.000000000000000E+000  0.000000000000000E+000  0.000000000000000E+000
  0.000000000000000E+000  0.000000000000000E+000  0.000000000000000E+000
  0.000000000000000E+000  0.000000000000000E+000  0.000000000000000E+000
  0.000000000000000E+000  0.000000000000000E+000  0.000000000000000E+000
  0.000000000000000E+000  0.000000000000000E+000  0.000000000000000E+000
  0.000000000000000E+000  0.000000000000000E+000  0.000000000000000E+000
  0.000000000000000E+000  0.000000000000000E+000  0.000000000000000E+000
  0.000000000000000E+000  0.000000000000000E+000  0.000000000000000E+000
  0.000000000000000E+000  0.000000000000000E+000  0.000000000000000E+000
  0.000000000000000E+000  0.000000000000000E+000  0.000000000000000E+000
  0.000000000000000E+000  0.000000000000000E+000  0.000000000000000E+000
  0.000000000000000E+000  0.000000000000000E+000  0.000000000000000E+000
  0.000000000000000E+000  0.000000000000000E+000  0.000000000000000E+000
  0.000000000000000E+000  0.000000000000000E+000  0.000000000000000E+000
  0.000000000000000E+000  0.000000000000000E+000  0.000000000000000E+000
  0.000000000000000E+000  0.000000000000000E+000  0.000000000000000E+000
  0.000000000000000E+000  0.000000000000000E+000  0.000000000000000E+000
  0.000000000000000E+000
