  0.000000000000000E+000  0.000000000000000E+000  0.154519718173775     
  0.579410596701144        1.59607952829473       0.113727070012624     
  0.176525213329404       0.360141760694506       0.809027244097186     
   1.83446120443898       0.208140933149190       0.284246081301099     
  0.486617796574587       0.944708591509098        1.97440471452200     
  0.315575923775644       0.406120356259243       0.621550513606626     
   1.08748650638356        2.12115762616108       0.436957514401905     
  0.537366496114973       0.763306430186621        1.23588890328089     
   2.27322955581830       0.566781033264819       0.676768707335197     
  0.910753761777180        1.38899279562721        2.42970612744158     
  0.704722580632710       0.822322440681309        1.06298414522549     
   1.54615922769446        2.58995958343248       0.848786670368215     
  0.973046866807260        1.21937346342232        1.70690337794165     
   2.75357194376720       0.998844516687977        1.12821002736737     
   1.37945541758278        1.87084617799761        2.92014893172695     
   1.15336537989962        1.28733797531733        1.54285766937374     
   2.03770756749187        3.08940735760828        1.31212787450601     
   1.44999204898037        1.70927131028081        2.20722889308321     
   3.26112035091001        1.47448750063850        1.61582851250091     
   1.87843343485215        2.37919295831016        3.43510078999122     
   1.64015051401852        1.78456364594473        2.05012713043351     
   2.55341553702761        3.61118826473886        1.80879555135817     
   1.95595231343933        2.22416339100308        2.72974248000059     
   3.78924320737143        1.98017068396161        2.12979212651263     
   2.40041917100708        2.90804166007448        3.96914494938602     
   2.15406580552592        2.30590936635481        2.57871896041266     
   3.08819710337754        4.15078797723557        2.33029440032766     
   2.48415354858826        2.75893088027398        3.27010569244585     
   4.33407872376817        2.50869793183052        2.66438591888416     
   2.94094514758302        3.45367574529432        4.51893358674060     
   2.68913609274402        2.84648631972450        3.12466432710000     
   3.63882429470213        4.70527737632691        2.87148398928000     
   3.03034770691585        3.31000063392619        3.82547601545501     
   4.89304207894426        3.05563043989030        3.21587485912538     
   3.49687498837089        4.01356264495276        5.08217609654433     
   3.24147585993360        3.40298202954174        3.68521543549791     
   4.20302194174759        5.27261502938205        3.42893052699731     
   3.59159184221721        3.87495637166300        4.39379684170418     
   5.46430360759899        3.61791341108847        3.78163395821670     
   4.06603774523069        4.58583483672422        5.65719424756215     
   3.80835092366285        3.97304424456849        4.25840438047123     
   4.77908745298536        5.85124297694614        4.00017601131527     
   4.16576396370894        4.45200540493672        4.97350980629802     
   6.04640901751799        4.19332735195066        4.35973914311478     
   4.64679377378560        5.16906022076732        6.24265445159717     
   4.38774866958026        4.55492002020158        4.84272586044732     
   5.36569990011749        6.43994394520845        4.58338816093255     
   4.75126058122575        5.03976110511048        5.56339264285191     
   6.63824448542791        4.78019800053424        4.94871815962989     
   5.23786170926570        5.76210459411218        6.83752515529243     
   4.97813391299928        5.14725309353157        5.43699236980719     
   5.96180402763334        7.03775694413250        5.17715480660700     
   5.34682842639223        5.63712004582281        6.16246115305399     
   7.23891258308339        5.37722245287480        5.54740964706725     
   5.83821375411414        6.36404794989598        7.44096638513780     
   5.57830120774295        5.74896446162339        6.04024438846925     
   6.56653801992495        7.64389405338728        5.78035776746653     
   5.95146259291084        6.24318455914270        6.76990645106130     
   7.84767260851131        5.98336095367044        6.15487560334135     
   6.44700845056249        6.97412969840930        8.05228034392579     
   6.18728152374909        6.35917673775409        6.65169169378001     
   7.17918547735767        8.25769668042844        6.39209200292295     
   6.56434078362080        6.85721125198631        7.38505266655966     
   8.46390208700299        6.59776653487119        6.77034394608394     
   7.06354531776749        7.59171122046704        8.67087802259248     
   6.80428074855057        6.97716373596363        7.27067321868148     
   7.79914207952827        8.87860689910895        7.01161163902224     
   7.18477886886938        7.47857533684302        8.00732712775323     
   9.08707192013482        7.21973746041582        7.39316917427753     
   7.68723303198922        8.21624911712364        9.29625676636612     
   7.42863762963670        7.60231551455631        7.89662857330197     
   8.42589160000044        9.50614609424923        7.63829263946463     
   7.81219971021916        8.10674507957056        8.63623889279031     
   9.71672524846549        7.84868398000556        8.02280447318305     
   8.31756645761628        8.84727599515608        9.92798019108590     
   8.05979406762732        8.23411334563607        8.52907735628865     
   9.05898859817429        10.1398975395206        8.27160618013034     
   8.44611064355631        8.74126310415249        9.27136292273265     
   10.3524645796342        8.48410439798547        8.65878140604294     
   8.95410967857134        9.48438582426093        10.5656695223577     
   8.69727355023238        8.87211134460555        9.16760366237580     
   9.69804472525946        10.7794995511563        8.91109916502939     
   9.08608680530226        9.38173220434130        9.91232752688634     
   10.9939432652905        9.12556742432933        9.30069472616697     
   9.59648299911692        10.1272226776142        11.2089896911211     
   9.34066512211878        9.51592260289633        9.81184423584362     
   10.3427189780835        11.4246282858268        9.55637962713193     
   9.73175845658970        10.0278045974409        10.5588058391046     
   11.6408488791805        9.77269884716903        9.94819080016197     
   10.2443531786613        10.7754727245275        11.8576421139250     
   9.98961119767875        10.1652086137156        10.4614795030651     
   10.9927096910103        12.0750006740253        10.2071055709599     
   10.3828013016418        10.6791734842838        11.2105071610660     
   12.2929126375996        10.4251713079840        10.6009586859932     
   10.8974254090621        11.4288558962618        12.5113692324834     
   10.6437981717385        10.8196709713858        11.1162259316004     
   11.6477469929242        12.7303619384276        10.8629763223223     
   11.0389287322957        11.3355660430165        11.8671718308246     
   12.9498825998743        11.0826962967089        11.2587228914420     
   11.5554370578663        12.0871221204678        13.1699232421760     
   11.3029489867183        11.4790447016922        11.7758305937449     
   12.3075898331078        13.3904759061337        11.5237256212964     
   11.6998857297785        11.9967385629445        12.5285672511525     
   13.6115330743695        11.7450177484586        11.9212378394233     
   12.2181531512927        12.7500468619671        13.8330874866931     
   11.9668172189201        12.1430931783011        12.4400668169985     
   12.9720214890881        14.0551321033553        12.1891161708579     
   12.3654441626339        12.6624722620550        13.1944840807022     
   14.2776600937589        12.4119070157775        12.5882834673195     
   12.8853624467151        13.4174279991353        14.5006648264848     
   12.6351824250431        12.8116040105817        13.1087305466112     
   13.6408465973139        14.7241398600122        12.8589353180491     
   13.0353989491542        13.3325698334418        13.8647328717228     
   14.9480789339994        13.0831588502258        13.2596616383243     
   13.5568737814995        14.0890805617786        15.1724759610502     
   13.3078463978330        13.4843856090078        13.7816361082126     
   14.3138835879123        15.3973250189219        13.5329915436405     
   13.7095645953404        14.0068507269815        14.5391360429416     
   15.6226203431383        13.7585880627503        13.9351925211476     
   14.2325117316630        14.7648321840556        15.8483563199867     
   13.9846299167351        14.1612634945071        14.4586133866832     
   14.9909664254609        16.0745274798755        14.2111112484174     
   14.3877717965643        14.6851501188356        15.2175333314304     
   16.3011284910200        14.4380263729034        14.6147118744066     
   14.9121165097351        15.4445276097597        16.5281541534199     
   14.6653697712858        14.8420783328588        15.1395072888811     
   15.6719441055702        16.7555993930937        14.8931360833249     
   15.0698659275317        15.3673173271217        15.8997777954358     
   16.9834592565459        15.1213201005415        15.2980695580223     
   15.5955416305192        16.1280237818031        17.2117289054607     
   15.3499167597204        15.5266842616285        15.8241753345492     
   16.3566772876814        17.4404036116349        15.5789211365764     
   15.7557052073569        16.0532136986092        16.5857336515788     
   17.6694787521534        15.8083284397603        15.9851276902904     
   16.2826521008053        16.8151883226649        17.8989498047661     
   16.0381340051650        16.2149471262271        16.5124860329965     
   17.0450368561453        18.1288123434079        16.2683332904921     
   16.4451590466062        16.7427110960759        17.2752749088368     
   18.3590620338154        16.4989218701008        16.6757590936791     
   16.9733229954730        17.5058982349336        18.5896946292191     
   16.7298954301068        16.9067430159192        17.2043175368632     
   17.7369026819506        18.8207059661466        16.9612497637211     
   17.1381066636504        17.4356906220687        17.9682841868212     
   19.0520919604395        17.1929807668167        17.3698459848809     
   17.6674382451371        18.2000387721290        19.2838486035035     
   17.4250844337066        17.6019570213280        17.8995564885833     
   18.4321625424635        19.5159719586711        17.6575568531218     
   17.8344359046212        18.1320415197801        18.6646516808928     
   19.7484581575344        17.8903942043765        18.0672788526699     
   18.3648895874910        18.8975024455606        19.9813033961607     
   18.1235927537069        18.3004821661849        18.5980970185362     
   19.1307111664114        20.2145039311608        18.3571488507741     
   18.5340422253449        18.8316602145858        19.3642742420222     
   20.4480560758412        18.5910589253190        18.7679554865967     
   19.0655756490692        19.5981881364973        20.6819561968176     
   18.8253194839593        19.0022184795836        19.2998398641848     
   19.8324493763992        20.9162007109927        19.0599271071202     
   19.2368278041883        19.5344494679968        20.0670545477144     
   21.1507860824476        19.2948784460888        19.4717801276820     
   19.7694011316073        20.3020002928717        21.3857088189268     
   19.5301702201847        19.7070721819674        20.0046915864048     
   20.5372833078565        21.6209654677187        19.7657992140349     
   19.9427007609104        20.2403176213959        20.7729003394687     
   21.8565526108744        20.0017622749474        20.1786627177545     
   20.4762760806137        21.0088481825855        22.0924668611281     
   20.2380563103744        20.4149549626170        20.7125638605882     
   21.2451236773845        22.3287048593520        20.4746782854591     
   20.6515744600573        20.9491779078456        21.4817237064134     
   22.5652632723738        20.7116252206615        20.8885182267050     
   21.1861152164248        21.7186451916953        22.8021387898869     
   20.9488941894550        21.1257833289355        21.4233728253845     
   21.9558850916784        23.0393281201040        21.1864823160856     
   21.3633668805805        21.6609478163742        22.1934403987371     
   23.2768279829093        21.4243867733847        21.6012660406732     
   21.8988373112430        22.4313081364683        23.5146351015930     
   21.6626047806287        21.8394780112425        22.1370384697400     
   22.6694853572836        23.7527462004412        21.9011336014399     
   22.0780000351486        22.3755484871482        22.9079691388591     
   23.9911580043931        22.1399705417312        22.3168293939511     
   22.6143645919372        23.1467565814393        24.2298672387289     
   22.3791129476856        22.5559634057753        22.8534840431638     
   23.3858448031877        24.4688706235464        22.6185582037678     
   22.7953994231633        23.0929041279932        23.6252309382079     
   24.7081648683597        22.8583037307456        23.0351348308750     
   23.3326221591053        23.8649121327664        24.9477466467499     
   23.0983469837199        23.2751670437226        23.5726354725021     
   24.1048855449325        25.1876125943240        23.3386854501429     
   23.5154935044161        23.8129414249242        24.3451483379915     
   25.4277593073063        23.5793166478557        23.7561116814655     
   24.0535373916600        24.5856976802202        25.6681833605266     
   23.8202381231204        23.9970190670043        24.2944207632601     
   24.8265307341262        25.9088812864078        24.0614474486804     
   24.2382131745879        24.5355889427686        25.0676446571227     
   26.1498496027899        24.3029422217672        24.4796915367088     
   24.7770393420571        25.3090365920014        26.3910847240250     
   24.5447200620946        24.7214517023742        25.0187693799123     
   25.5507036761546        26.6325829686617        24.7867786097319     
   24.9634912346094        25.2607764784784        25.7926430235448     
   26.8743405245663        25.0291155229984        25.2058077082187     
   25.5030580619400        26.0348517366837        27.1163535607740     
   25.2717284762681        25.4483987072766        25.7456115514387     
   26.2773268766007        27.3586181073208        25.5146151578846     
   25.6912618228082        25.9884343620096        26.5200654738323     
   27.6011302617139        25.7577732678949        25.9343946494908     
   26.2315238956408        26.7630644970457        27.8438858833391     
   26.0012005158198        26.1777947825652        26.4748775405565     
   27.0063208963142        28.0868806641352        26.2448946180196     
   26.4214598143455        26.7184926647475        27.2498315488233     
   28.3301099047365        26.4888532951648        26.6653873317271     
   26.9623666180621        27.4935933126448        28.5735690083572     
   26.7330742693657        26.9095749128563        27.2064967232318     
   27.7376029446736        28.8172529264490        26.9775552617601     
   27.1540201250291        27.4508802731023        27.9818571409413     
   29.0611570536007        27.2222939895978        27.3987205196682     
   27.6955145150600        28.2263524390247        29.3052762577314     
   27.4672881636746        27.6436736278870        27.9403966536958     
   28.4710853593207        29.5496051991759        27.7125354845985     
   27.8888769545833        28.1855238367943        28.7160522538871     
   29.7941373877864        27.9580336394484        28.1343279756480     
   28.4308931671428        28.9612494736233        30.0388669540723     
   28.2037802973624        28.3800241327911        28.6765016864318     
   29.2066731663051        30.2837866081428        28.4497731065989     
   28.6259628329785        28.9223463736285        29.4523193756189     
   30.5288907243837        28.6960096903326        28.8721414399696     
   29.1684241087840        29.6981837773183        30.7741725558623     
   28.9424876437680        29.1185572669399        29.4147316810282     
   29.9442620533211        31.0196252519432        29.1892045282099     
   29.3652075646293        29.6612657564216        30.1905495192746     
   31.2652387893459        29.4361578660655        29.6120895174284     
   29.9080229104780        30.4370415431514        31.5110053320175     
   29.6833451328688        29.8592002334026        30.1549995988685     
   30.6837330946049        31.7569130124209        29.9307637530318     
   30.1065367472774        30.4021921507150        30.9306188990499     
   32.0029550645272        30.1784110925808        30.3540960031771     
   30.6495966777905        31.1776927735976        32.2491226438039     
   30.4262844551510        30.6018748363680        30.8972090725252     
   31.4249484703052        32.4954072378830        30.6743810701310     
   30.8498699414293        31.1450249063592        31.6723786889594     
   32.7417927359735        30.9226980812941        31.0980778532009     
   31.3930394842451        31.9199761024564        32.9882691712962     
   31.1712325260772        31.3464949110379        31.6412476910295     
   32.1677316710806        33.2348176553781        31.4199813212967     
   31.5951172402184        31.8896439559548        32.4156355945986     
   33.4814332973352        31.6689412358034        31.8439406781319     
   32.1382216694431        32.6636725790540        33.7281116659475     
   31.9181088682372        32.0929606460904        32.3869733137301     
   32.9118284546875        33.9748482861877        32.1674805827994     
   32.3421719809001        32.6358887338093        33.1600729627513     
   34.2216386373479        32.4170524496587        32.5915686225870     
   32.8849567547745        33.4083892593322        34.4684781511358     
  0.000000000000000E+000  0.243014256732608       0.385421165128089     
  0.534630058988343       0.689109937200129       0.847924492242914     
   1.01043679633432        1.17618325696990        1.34481017753826     
   1.51603815894692        1.68964050477688        1.86542932666000     
   2.04324618143573        2.22295552241040        2.40443997589365     
   2.58759684517942        2.77233546547333        2.95857516432257     
   3.14624366272400        3.33527580333774        3.52561252576245     
   3.71720003132123        3.90998909523683        4.10393449487278     
   4.29899453040909        4.49513061989055        4.69230695467763     
   4.89049020437681        5.08964926262370        5.28975502684351     
   5.49078020646202        5.69269915508911        5.89548772302030     
   6.09912312705314        6.30358383513456        6.50884946377297     
   6.71490068648604        6.92171915183003        7.12928740978138     
   7.33758884542670        7.54660761907043        7.75632861199743     
   7.96673737723416        8.17782009474209        8.38956353055241     
   8.60195499941526        8.81498233059128        9.02863383645970     
   9.24289828365716        9.45776486649549        9.67322318243673     
   9.88926320942849        10.1058752849258        10.3230500864442     
   10.5407786135058        10.7590521708559        10.9778623528377     
   11.1972010288290        11.4170603296488        11.6374326348556     
   11.8583105608647        12.0796869498189        12.3015548591526     
   12.5239075517984        12.7467384869832        12.9700413115741     
   13.1938098519297        13.4180381062230        13.6427202371998     
   13.8678505653440        14.0934235624197        14.3194338453652     
   14.5458761705154        14.7727454281294        15.0000366372047     
   15.2277449405588        15.4558656001603        15.6843939926955     
   15.9133256053535        16.1426560318191        16.3723809684580     
   16.6024962106848        16.8329976495019        17.0638812682002     
   17.2951431392111        17.5267794211014        17.7587863557045     
   17.9911602653778        18.2238975503811        18.4569946863691     
   18.6904482219913        18.9242547765938        19.1584110380181     
   19.3929137604907        19.6277597626004        19.8629459253569     
   20.0984691903285        20.3343265578534        20.5705150853216     
   20.8070318855243        21.0438741250667        21.2810390228419     
   21.5185238485619        21.7563259213449        21.9944426083538     
   22.2328713234862        22.4716095261107        22.7106547198501     
   22.9500044514074        23.1896563094337        23.4296079234362     
   23.6698569627232        23.9104011353867        24.1512381873191     
   24.3923659012636        24.6337820958960        24.8754846249378     
   25.1174713762979        25.3597402712431        25.6022892635947     
   25.8451163389521        26.0882195139398        26.3315968354797     
   26.5752463800853        26.8191662531780        27.0633545884250     
   27.3078095470970        27.5525293174459        27.7975121141010     
   28.0427561774831        28.2882597732366        28.5340211916779     
   28.7800387472599        29.0263107780527        29.2728356452381     
   29.5196117326200        29.7666374461475        30.0139112134522     
   30.2614314833982        30.5091967256444        30.7572054302193     
   31.0054561071071        31.2539472858455        31.5026775151338     
   31.7516453624518        32.0008494136892        32.2502882727838     
   32.4999605613707        32.7498649184394        33.0000000000000     
