  -10.2651840858627       -10.1685560076457       -10.0760916312497     
  -9.97283848239931       -9.84238862396396       -10.2291213239963     
  -10.1452247853131       -10.0582169603658       -9.95877288878935     
  -9.83103122208735       -10.2116901280400       -10.1323379427304     
  -10.0482889617311       -9.95072802660402       -9.82447133662327     
  -10.1952406414170       -10.1196553334779       -10.0381890688922     
  -9.94243209297073       -9.81766074949768       -10.1796363219523     
  -10.1071826556645       -10.0280240113970       -9.93397870448411     
  -9.81067693762062       -10.1646675286375       -10.0949625363097     
  -10.0178481892187       -9.92542367386123       -9.80356752910096     
  -10.1502525932073       -10.0829525558620       -10.0076882657159     
  -9.91680447186533       -9.79636455670411       -10.1363061587495     
  -10.0711288015110       -9.99756173718653       -9.90814588730493     
  -9.78909999564599       -10.1228046636253       -10.0594780474381     
  -9.98748122626634       -9.89946547925432       -9.78178270093206     
  -10.1096412556033       -10.0479928141426       -9.97745563676836     
  -9.89078038837009       -9.77442542246906       -10.0967923659385     
  -10.0366630196654       -9.96748998071970       -9.88209973654381     
  -9.76703920748365       -10.0842129377138       -10.0254802263425     
  -9.95758711233350       -9.87342978130300       -9.75963366584667     
  -10.0718800721637       -10.0144366725419       -9.94774902838231     
  -9.86477588823117       -9.75221621012828       -10.0597705406992     
  -10.0035251379758       -9.93797696246221       -9.85614289473249     
  -9.74479255710622       -10.0478661806296       -9.99273943088882     
  -9.92827834530344       -9.84753510583096       -9.73736775735859     
  -10.0361517676658       -9.98207484599349       -9.91864804133200     
  -9.83895607184975       -9.72994627595989       -10.0246142782337     
  -9.97152688225882       -9.90908462846460       -9.83040866322681     
  -9.72253193992172       -10.0132426195360       -9.96109023549598     
  -9.89958798010356       -9.82189544288591       -9.71512804747002     
  -10.0020270584708       -9.95076054723088       -9.89015789630555     
  -9.81341837639389       -9.70773745647144       -9.99095889741512     
  -9.94053385654347       -9.88079401487558       -9.80497900457338     
  -9.70036265609158       -9.98003037528984       -9.93040666333524     
  -9.87149597018444       -9.79657867827840       -9.69300848053565     
  -9.96923462410209       -9.92037576789585       -9.86226328076094     
  -9.78821855179857       -9.68567484135428       -9.95856548087924     
  -9.91043827204036       -9.85309542396413       -9.77989958295615     
  -9.67836251202184       -9.94801742500629       -9.90059150280847     
  -9.84399185446605       -9.77162256303921       -9.67107298861609     
  -9.93758548434626       -9.89083300141785       -9.83495200566594     
  -9.76338814230913       -9.66380759065432       -9.92726515990984     
  -9.88116049200617       -9.82597529351688       -9.75519685081514     
  -9.65656747644784       -9.91705236650103       -9.87157186296139     
  -9.81706112253583       -9.74704911533265       -9.64935366607538     
  -9.90694338082532       -9.86206514659987       -9.80820889026771     
  -9.73894527360936       -9.64216706478190       -9.89693479584080     
  -9.85263850444445       -9.79941799094442       -9.73088558633716     
  -9.63500847327690       -9.88702348352963       -9.84329021321107     
  -9.79068781821226       -9.72287024733930       -9.62787859813600     
  -9.87720656183310       -9.83401865330746       -9.78201776721109     
  -9.71489939185018       -9.62077806364634       -9.86748136659537     
  -9.82482229849204       -9.77340723601947       -9.70697310318176     
  -9.61370742279554       -9.85784542736551       -9.81569970688044     
  -9.76485562706963       -9.69909142042342       -9.60666716126895     
  -9.84829644632627       -9.80664951296560       -9.75636234813931     
  -9.69125434480467       -9.59965768281206       -9.83883228002687     
  -9.79767042069591       -9.74792681292430       -9.68346184303847     
  -9.59267933305486       -9.82945092345538       -9.78876119726074     
  -9.73954844171172       -9.67571385142598       -9.58573242661977     
  -9.82015049608427       -9.77992066755720       -9.73122666160421     
  -9.66801027930424       -9.57881723306333       -9.81092922965409     
  -9.77114770929920       -9.72296090652509       -9.66035101166061     
  -9.57193398309167       -9.80178545740081       -9.76244124855785     
  -9.71475061722622       -9.65273591148322       -9.56508287838286     
  -9.79271760453866       -9.75380025574898       -9.70659524036494     
  -9.64516481744228       -9.55826410518208       -9.78372417983055     
  -9.74522374189958       -9.69849422997344       -9.63763755767724     
  -9.55147780435773       -9.77480376804894       -9.73671075529733     
  -9.69044704676718       -9.63015394685660       -9.54472399192177     
  -9.76595502327999       -9.72826037907170       -9.68245315826316     
  -9.62271378421091       -9.53800274120269       -9.75717666294596     
  -9.71987172828994       -9.67451203982309       -9.61531686169306     
  -9.53131410573651       -9.74846746249613       -9.71154394789467     
  -9.66662317246588       -9.60796295303347       -9.52465811244406     
  -9.73982625073384       -9.70327621063341       -9.65878604535920     
  -9.60065183489464       -9.51803478736679       -9.73125190549591     
  -9.69506771484210       -9.65100014954296       -9.59338324383198     
  -9.51144417032465       -9.72274334991490       -9.68691768289613     
  -9.64326498326909       -9.58615692947361       -9.50488640117767     
  -9.71429954882439       -9.67882535788601       -9.63558005059179     
  -9.57897264294772       -9.49836115962337       -9.70591950554323     
  -9.67079000447378       -9.62794486023989       -9.57183011771817     
  -9.49186839242388       -9.69760225897697       -9.66281090621989     
  -9.62035893098571       -9.56472910434419       -9.48540803083104     
  -9.68934688093483       -9.65488736526726       -9.61282178374358     
  -9.55766931398568       -9.47897999918055       -9.68115247420806     
  -9.64701870175312       -9.60533295223267       -9.55065051367952     
  -9.47258420642813       -9.67301817022121       -9.63920425170194     
  -9.59789196247966       -9.54367235258940       -9.46622066834445     
  -9.66494312755844       -9.63144336773995       -9.59049834851184     
  -9.53673454576493       -9.45988983613093       -9.65692652986046     
  -9.62373541187359       -9.58315164673253       -9.52983680686966     
  -9.45359084852892       -9.64896758406748       -9.61607976187466     
  -9.57585139759221       -9.52297884604623       -9.44732358902344     
  -9.64106551861672       -9.60847580591967       -9.56859715049087     
  -9.51616037451974       -9.44108792255780       -9.63321958175556     
  -9.60092294524876       -9.56138845955956       -9.50938109446781     
  -9.43488372752897       -9.62542904115444       -9.59342059289558     
  -9.55422488492214       -9.50264071796752       -9.42871085491623     
  -9.61769318228773       -9.58596817328470       -9.54710599130422     
  -9.49593895108618       -9.42256909094964       -9.61001130802939     
  -9.57856512206483       -9.54003135013797       -9.48927551193096     
  -9.41645826706179       -9.60238273768712       -9.57121088537042     
  -9.53300053733945       -9.48265010503842       -9.41037821658848     
  -9.59480680629090       -9.56390492006039       -9.52601313690941     
  -9.47606246028158       -9.40432876873689       -9.58728286395564     
  -9.55664669286700       -9.51906873600746       -9.46951227946404     
  -9.39830974867638       -9.57981027532127       -9.54943568106845     
  -9.51216693254700       -9.46299931509363       -9.39232097778593     
  -9.57238841895041       -9.54227137116416       -9.50530732582679     
  -9.45652326335617       -9.38636227391485       -9.56501668702376     
  -9.53515326061514       -9.49848948483837       -9.45008367516258     
  -9.38043345163471       -9.55769448475178       -9.52808084854902     
  -9.49171298332026       -9.44368024994025       -9.37453432247359     
  -9.55042122853336       -9.52105363185516       -9.48497741387651     
  -9.43731268805289       -9.36866469513146       -9.54319634432176     
  -9.51407111680160       -9.47828237647754       -9.43098069072664     
  -9.36282437567724       -9.53601926595595       -9.50713281738479     
  -9.47162747626085       -9.42468396002043       -9.35701316773122     
  -9.52888943600806       -9.50023825603907       -9.46501232286995     
  -9.41842219885792       -9.35123087263606       -9.52180630661944     
  -9.49338696247579       -9.45843653016860       -9.41219511106010     
  -9.34547728961391       -9.51476933897853       -9.48657847363105     
  -9.45189971603675       -9.40600240138535       -9.33975221590654     
  -9.50777800349062       -9.47981233318857       -9.44540150223769     
  -9.39984377556790       -9.33405544689437       -9.50083177950355     
  -9.47308809137004       -9.43894151430294       -9.39371894035452     
  -9.32838677619436       -9.49393015504874       -9.46640530467558     
  -9.43251938144028       -9.38762760353724       -9.32274599574126     
  -9.48707262660414       -9.45976353568429       -9.42613473645114     
  -9.38156947398068       -9.31713289586373       -9.48025869881481     
  -9.45316235285627       -9.41978721565533       -9.37554426164215     
  -9.31154726536156       -9.47348788422971       -9.44660133035918     
  -9.41347645881908       -9.36955167758454       -9.30598889157607     
  -9.46675970304852       -9.44008004789976       -9.40720210908579     
  -9.36359143398188       -9.30045756043999       -9.46007368287272     
  -9.43359809056762       -9.40096381290702       -9.35766324411976     
  -9.29495305649832       -9.45342935847069       -9.42715504868499     
  -9.39476121997435       -9.35176682239189       -9.28947516289688     
  -9.44682627155227       -9.42075051766321       -9.38859398315171     
  -9.34590188429276       -9.28402366135538       -9.44026397055339     
  -9.41438409786460       -9.38246175840742       -9.34006814640285     
  -9.27859833215998       -9.43374201043061       -9.40805539446939     
  -9.37636420474525       -9.33426532636374       -9.27319895418379     
  -9.42725995246436       -9.40176401734634       -9.37030098413345     
  -9.32849314284308       -9.26782530490206       -9.42081736407041     
  -9.39550958092684       -9.36427176143085       -9.32275131549204     
  -9.26247716036515       -9.41441381861899       -9.38929170408126     
  -9.35827620431074       -9.31703956489930       -9.25715429510814     
  -9.40804889526006       -9.38311000999721       -9.35231398318330     
  -9.31135761254819       -9.25185648199035       -9.40172217875513     
  -9.37696412605942       -9.34638477111787       -9.30570518077075     
  -9.24658349203653       -9.39543325931334       -9.37085368373168     
  -9.34048824376363       -9.30008199268877       -9.24133509438744     
  -9.38918173243293       -9.36477831844025       -9.33462407926669     
  -9.29448777213651       -9.23611105632975       -9.38296719874661     
  -9.35873766945804       -9.32879195818162       -9.28892224356712     
  -9.23091114328595       -9.37678926387073       -9.35273137978846     
  -9.32299156337607       -9.28338513195061       -9.22573511868788     
  -9.37064753825753       -9.34675909604769       -9.31722257993151     
  -9.27787616267987       -9.22058274367931       -9.36454163704971     
  -9.34082046834563       -9.31148469504486       -9.27239506150032     
  -9.21545377663466       -9.35847117993647       -9.33491515016621     
  -9.30577759793027       -9.26694155442333       -9.21034797286526     
  -9.35243579101095       -9.32904279824876       -9.30010097971960     
  -9.26151536761405       -9.20526508471599       -9.34643509862874     
  -9.32320307246886       -9.29445453335199       -9.25611622722386     
  -9.20020486173853       -9.34046873526797       -9.31739563571736     
  -9.28883795345203       -9.25074385922268       -9.19516705065291     
  -9.33453633739007       -9.31162015377464       -9.28325093619005     
  -9.24539798917897       -9.19015139501897       -9.32863754530049     
  -9.30587629517859       -9.27769317914861       -9.24007834219052     
  -9.18515763427966       -9.32277200300759       -9.30016373108769     
  -9.27216438118971       -9.23478464275173       -9.18018550248442     
  -9.31693935807998       -9.29448213514598       -9.26666424233921     
  -9.22951661469857       -9.17523472846350       -9.31113926150129     
  -9.28883118334793       -9.26119246364439       -9.22427398085164     
  -9.17030503644568       -9.30537136752578       -9.28321055390384     
  -9.25574874703211       -9.21905646289004       -9.16539614669450     
  -9.29963533353227       -9.27761992709520       -9.25033279509024     
  -9.21386378070932       -9.16050777505916       -9.29393081987830     
  -9.27205898511897       -9.24494431088294       -9.20869565249068     
  -9.15563963252439       -9.28825748974782       -9.26652741191132     
  -9.23958299773277       -9.20355179431133       -9.15079142020511     
  -9.28261500899447       -9.26102489297795       -9.23424855911387     
  -9.19843192062175       -9.14596282979042       -9.27700304597546     
  -9.25555111522483       -9.22894069844161       -9.19333574318507     
  -9.14115354402694       -9.27142127138651       -9.25010576680382     
  -9.22365911897437       -9.18826297162880       -9.13636324128013     
  -9.26586935809255       -9.24468853693778       -9.21840352342909     
  -9.18321331139627       -9.13159159205391       -9.26034698096451     
  -9.23929911574025       -9.21317361374391       -9.17818646451674     
  -9.12683826606359       -9.25485381670081       -9.23393719396109     
  -9.20796909061974       -9.17318212796397       -9.12210291408868     
  -9.24938954364592       -9.22860246275590       -9.20278965351901     
  -9.16819999642318       -9.11738517082490       -9.24395384157818     
  -9.22329461344163       -9.19763500025923       -9.16323975872432     
  -9.11268464893993       -9.23854639150675       -9.21801333732738     
  -9.19250482719121       -9.15830110134519       -9.10800096214165     
  -9.23316687544977       -9.21275832548548       -9.18739882845574     
  -9.15338370221936       -9.10333370225764       -9.22781497624836     
  -9.20752926858431       -9.18231669576070       -9.14848723390078     
  -9.09868248282795       -9.22249037734010       -9.20232585648158     
  -9.17725811725251       -9.14361135740195       -9.09404687881641     
  -9.21719276255223       -9.19714777789032       -9.17222277788600     
  -9.13875573238302       -9.08942644216445       -9.21192181579973     
  -9.19199471996153       -9.16721035845231       -9.13392000604576     
  -9.08482066148496       -9.20667722082389       -9.18686636812583     
  -9.16222053665969       -9.12910382579659       -9.08022905524501     
  -9.20145866085743       -9.18176240575397       -9.15725298567389     
  -9.12430682260325       -9.07565106810956       -9.19626581842056     
  -9.17668251414157       -9.15230737411748       -9.11952862026221     
  -9.07108624447958       -9.19109837500839       -9.17162637181311     
  -9.14738336325936       -9.11476881639893       -9.06653404729764     
  -9.18595601088446       -9.16659365400462       -9.14248060827495     
  -9.11002701230921       -9.06199391834899       -9.18083840461159     
  -9.16158403183880       -9.13759875584169       -9.10530278291733     
  -9.05746511605666       -9.17574523270138       -9.15659717222835     
  -9.13273744748327       -9.10059571230579       -9.05294702700539     
  -9.17067616903493       -9.15163273728128       -9.12789631690928     
  -9.09590535472333       -9.04843880318667       -9.16563088465552     
  -9.14669038479834       -9.12307499050539       -9.09123125488475     
  -9.04393991946223       -9.16060904729585       -9.14176976703025     
  -9.11827308074036       -9.08657289910470       -9.03944968348546     
  -9.15561032124400       -9.13687052975491       -9.11349018875569     
  -9.08192978828886       -9.03496741047106       -9.15063436655580     
  -9.13199231045684       -9.10872589868729       -9.07730136757710     
  -9.03049192707760       -9.14568083852014       -9.12713473821459     
  -9.10397978545171       -9.07268710902205       -9.02602245233641     
  -9.14074938651107       -9.12229743239235       -9.09925141011309     
  -9.06808643001267       -9.02155755596688       -9.13583965370401     
  -9.11748000418433       -9.09454031992712       -9.06349872270705     
  -9.01709670172518       -9.13095127619283       -9.11268205399158     
  -9.08984603243258       -9.05892323926395       -9.01263905800680     
  -9.12608388288275       -9.10790316881288       -9.08516803686026     
  -9.05435924592115       -9.00818387907542       -9.12123709380979     
  -9.10314291711699       -9.08050577674702       -9.04980585009686     
  -9.00372930709062       -9.11641051867510       -9.09840084638479     
  -9.07585866311622       -9.04526219066882       -8.99927447616412     
  -9.11160375359587       -9.09367647771834       -9.07122604982116     
  -9.04072715886034       -8.99481713267884       -9.10681637934118     
  -9.08896930445786       -9.06660723131474       -9.03619956335088     
  -8.99035726112479       -9.10204795719949       -9.08427878060924     
  -9.06200134536252       -9.03167737216135       -8.98589492554538     
  -9.09729802621599       -9.07960430030868       -9.05740740339623     
  -9.02715881159463       -8.98143019058478       -9.09256609279950     
  -9.07494517120950       -9.05282400400150       -9.02263964132698     
  -8.97696312151863       -9.08785162185386       -9.07030056403680     
  -9.04824962587550       -9.01811788203262       -8.97249378428591     
  0.000000000000000E+000  0.243014256732608       0.385421165128089     
  0.534630058988343       0.689109937200129       0.847924492242914     
   1.01043679633432        1.17618325696990        1.34481017753826     
   1.51603815894692        1.68964050477688        1.86542932666000     
   2.04324618143573        2.22295552241040        2.40443997589365     
   2.58759684517942        2.77233546547333        2.95857516432257     
   3.14624366272400        3.33527580333774        3.52561252576245     
   3.71720003132123        3.90998909523683        4.10393449487278     
   4.29899453040909        4.49513061989055        4.69230695467763     
   4.89049020437681        5.08964926262370        5.28975502684351     
   5.49078020646202        5.69269915508911        5.89548772302030     
   6.09912312705314        6.30358383513456        6.50884946377297     
   6.71490068648604        6.92171915183003        7.12928740978138     
   7.33758884542670        7.54660761907043        7.75632861199743     
   7.96673737723416        8.17782009474209        8.38956353055241     
   8.60195499941526        8.81498233059128        9.02863383645970     
   9.24289828365716        9.45776486649549        9.67322318243673     
   9.88926320942849        10.1058752849258        10.3230500864442     
   10.5407786135058        10.7590521708559        10.9778623528377     
   11.1972010288290        11.4170603296488        11.6374326348556     
   11.8583105608647        12.0796869498189        12.3015548591526     
   12.5239075517984        12.7467384869832        12.9700413115741     
   13.1938098519297        13.4180381062230        13.6427202371998     
   13.8678505653440        14.0934235624197        14.3194338453652     
   14.5458761705154        14.7727454281294        15.0000366372047     
   15.2277449405588        15.4558656001603        15.6843939926955     
   15.9133256053535        16.1426560318191        16.3723809684580     
   16.6024962106848        16.8329976495019        17.0638812682002     
   17.2951431392111        17.5267794211014        17.7587863557045     
   17.9911602653778        18.2238975503811        18.4569946863691     
   18.6904482219913        18.9242547765938        19.1584110380181     
   19.3929137604907        19.6277597626004        19.8629459253569     
   20.0984691903285        20.3343265578534        20.5705150853216     
   20.8070318855243        21.0438741250667        21.2810390228419     
   21.5185238485619        21.7563259213449        21.9944426083538     
   22.2328713234862        22.4716095261107        22.7106547198501     
   22.9500044514074        23.1896563094337        23.4296079234362     
   23.6698569627232        23.9104011353867        24.1512381873191     
   24.3923659012636        24.6337820958960        24.8754846249378     
   25.1174713762979        25.3597402712431        25.6022892635947     
   25.8451163389521        26.0882195139398        26.3315968354797     
   26.5752463800853        26.8191662531780        27.0633545884250     
   27.3078095470970        27.5525293174459        27.7975121141010     
   28.0427561774831        28.2882597732366        28.5340211916779     
   28.7800387472599        29.0263107780527        29.2728356452381     
   29.5196117326200        29.7666374461475        30.0139112134522     
   30.2614314833982        30.5091967256444        30.7572054302193     
   31.0054561071071        31.2539472858455        31.5026775151338     
   31.7516453624518        32.0008494136892        32.2502882727838     
   32.4999605613707        32.7498649184394        33.0000000000000     
